0
0
0
2
2
3
5
6
8
9
11
14
17
20
23
26
30
34
37
42
47
51
55
61
66
72
78
83
90
97
102
111
120
129
138
149
158
169
179
189
200
211
222
234
246
258
270
284
297
310
324
337
351
366
380
395
410
426
441
458
473
490
506
524
541
558
575
592
610
628
646
664
682
701
719
737
756
776
795
815
834
853
873
893
914
935
954
975
996
1017
1043
1068
1093
1119
1144
1169
1194
1220
1245
1272
1298
1325
1351
1378
1404
1434
1462
1490
1520
1549
1577
1607
1635
1664
1694
1724
1752
1782
1812
1841
1871
1900
1932
1962
1992
2022
2055
2085
2115
2146
2174
2206
2236
2266
2296
2328
2358
2389
2420
2453
2484
2517
2550
2583
2616
2649
2681
2714
2746
2779
2813
2846
2878
2911
2945
2978
3012
3045
3080
3113
3146
3179
3212
3245
3277
3309
3343
3376
3410
3443
3478
3513
3548
3587
3623
3658
3693
3728
3765
3799
3836
3870
3906
3941
3978
4016
4052
4088
4124
4159
4195
4232
4266
4299
4334
4369
4404
4440
4476
4512
4552
4590
4630
4670
4708
4747
4784
4823
4862
4900
4937
4977
5017
5054
5092
5134
5171
5209
5248
5282
5318
5356
5393
5429
5465
5506
5544
5584
5629
5668
5710
5752
5790
5829
5871
5911
5949
5991
6032
6072
6110
6154
6195
6233
6274
6310
6347
6387
6425
6462
6504
6541
6584
6626
6670
6711
6754
6797
6838
6877
6919
6962
7001
7045
7087
7127
7171
7210
7252
7294
7332
7370
7411
7449
7487
7529
7570
7611
7655
7699
7743
7788
7828
7870
7914
7956
7997
8040
8083
8126
8170
8212
8254
8299
8336
8376
8417
8456
8495
8536
8576
8615
8654
8697
8737
8778
8819
8858
8897
8938
8978
9017
9058
9097
9136
9178
9218
9256
9298
9336
9373
9410
9449
9487
9524
9563
9602
9640
9684
9724
9765
9807
9849
9887
9930
9970
10008
10059
10104
10151
10205
10252
10301
10346
10391
10439
10482
10528
10575
10621
10669
10718
10770
10822
10869
10918
10968
11016
11064
11113
11161
11214
11261
11310
11358
11404
11449
11495
11541
11591
11634
11683
11736
11784
11838
11886
11933
11984
12032
12080
12131
12179
12230
12281
12327
12376
12422
12468
12514
12559
12608
12655
12702
12753
12807
12858
12906
12953
13004
13054
13103
13151
13202
13252
13301
13352
13399
13445
13492
13536
13583
13631
13677
13725
13779
13827
13881
13929
13979
14029
14077
14129
14176
14226
14277
14326
14378
14425
14471
14520
14563
14609
14660
14705
14757
14805
14855
14907
14958
15010
15058
15105
15157
15205
15254
15306
15355
15406
15454
15500
15546
15593
15639
15687
15733
15784
15834
15886
15938
15987
16038
16086
16137
16186
16235
16286
16334
16385
16435
16483
16530
16575
16620
16670
16714
16763
16813
16863
16917
16965
17014
17067
17114
17164
17213
17261
17315
17362
17412
17463
17510
17559
17604
17648
17696
17742
17789
17841
17890
17943
17995
18041
18092
18141
18190
18239
18289
18339
18388
18441
18486
18535
18582
18627
18672
18718
18764
18812
18862
18913
18965
19014
19066
19114
19162
19211
19262
19309
19360
19409
19462
19508
19555
19602
19648
19692
19739
19785
19832
19882
19932
19986
20035
20088
20135
20183
20234
20282
20332
20381
20430
20482
20531
20577
20624
20668
20714
20761
20807
20855
20906
20954
21008
21058
21109
21159
21206
21254
21305
21354
21403
21454
21502
21551
21599
21647
21692
21738
21785
21833
21881
21930
21979
22033
22084
22134
22185
22233
22282
22332
22384
22432
22481
22532
22581
22633
22677
22722
22771
22815
22861
22913
22961
23015
23064
23114
23167
23215
23265
23317
23364
23416
23466
23518
23565
23617
23664
23711
23754
23803
23851
23898
23946
23998
24050
24100
24154
24202
24252
24301
24351
24403
24453
24501
24555
24603
24651
24701
24746
24794
24839
24886
24938
24984
25037
25090
25138
25192
25244
25292
25341
25390
25442
25493
25542
25595
25645
25694
25740
25786
25834
25881
25929
25977
26028
26079
26130
26184
26234
26282
26336
26385
26436
26483
26533
26586
26635
26686
26735
26780
26829
26877
26922
26970
27020
27072
27126
27176
27227
27278
27328
27376
27427
27478
27529
27583
27631
27680
27732
27778
27825
27872
27920
27969
28016
28066
28120
28169
28224
28273
28324
28374
28424
28477
28525
28575
28627
28678
28729
28778
28826
28873
28919
28965
29014
29062
29114
29167
29220
29274
29322
29374
29422
29473
29523
29574
29627
29676
29726
29779
29824
29873
29921
29966
30012
30060
30109
30164
30215
30269
30319
30373
30421
30472
30522
30572
30626
30675
30726
30779
30826
30871
30920
30965
31017
31062
31111
31164
31215
31269
31322
31370
31422
31474
31524
31574
31623
31677
31727
31780
31827
31875
31922
31969
32018
32065
32114
32164
32217
32267
32320
32371
32423
32472
32521
32575
32622
32676
32728
32776
32828
32876
32925
32970
33016
33064
33114
33161
33213
33267
33320
33370
33424
33471
33522
33571
33621
33675
33724
33773
33826
33875
33923
33970
34016
34064
34110
34159
34211
34261
34319
34368
34418
34471
34519
34572
34621
34673
34723
34775
34828
34875
34924
34972
35018
35068
35113
35162
35213
35263
35315
35370
35419
35472
35522
35570
35623
35672
35724
35777
35826
35878
35928
35975
36022
36068
36116
36165
36213
36263
36316
36368
36421
36474
36522
36573
36627
36673
36727
36777
36825
36879
36929
36978
37024
37070
37119
37166
37213
37265
37314
37369
37422
37471
37524
37574
37626
37676
37727
37780
37828
37881
37931
37981
38029
38076
38123
38169
38218
38268
38318
38374
38425
38476
38528
38580
38631
38679
38731
38781
38833
38885
38934
38983
39033
39079
39126
39175
39221
39271
39320
39372
39426
39478
39531
39579
39630
39682
39732
39783
39834
39885
39938
39989
40038
40085
40133
40179
40226
40274
40324
40374
40427
40482
40535
40582
40634
40686
40734
40787
40836
40887
40939
40992
41039
41086
41131
41182
41227
41274
41325
41375
41428
41479
41530
41583
41633
41684
41734
41783
41835
41885
41940
41989
42038
42090
42135
42183
42229
42276
42326
42374
42425
42477
42532
42583
42635
42684
42734
42786
42836
42887
42937
42989
43039
43090
43137
43185
43232
43278
43330
43376
43425
43479
43531
43587
43635
43686
43737
43786
43837
43890
43938
43992
44044
44094
44141
44188
44236
44282
44328
44379
44428
44479
44532
44586
44638
44687
44741
44788
44839
44890
44940
44993
45042
45096
45144
45190
45240
45288
45333
45381
45429
45483
45534
45584
45639
45689
45742
45791
45840
45892
45943
45995
46045
46095
46148
46194
46243
46289
46336
46384
46432
46481
46535
46583
46639
46691
46739
46791
46842
46893
46941
46991
47045
47096
47146
47195
47244
47292
47338
47388
47435
47482
47533
47586
47642
47692
47743
47794
47842
47896
47945
47995
48048
48098
48150
48199
48247
48295
48342
48388
48438
48487
48538
48587
48641
48693
48744
48798
48846
48895
48946
48997
49050
49099
49150
49202
49249
49300
49347
49390
49439
49488
49535
49588
49638
49692
49744
49797
49848
49896
49946
49996
50050
50099
50150
50200
50248
50300
50345
50392
50440
50488
50535
50589
50638
50693
50746
50794
50847
50897
50949
50997
51047
51100
51150
51204
51253
51301
51349
51396
51445
51490
51539
51588
51639
51691
51743
51795
51848
51896
51947
52000
52046
52099
52151
52200
52252
52302
52350
52395
52441
52490
52539
52589
52636
52689
52741
52793
52847
52896
52946
52995
53043
53098
53145
53196
53250
53298
53348
53396
53440
53489
53536
53583
53635
53683
53739
53790
53840
53892
53944
53994
54043
54095
54144
54195
54250
54300
54346
54395
54442
54489
54535
54583
54635
54682
54734
54790
54839
54891
54940
54991
55041
55090
55143
55193
55242
55296
55346
55395
55440
55486
55535
55581
55634
55679
55733
55784
55836
55890
55937
55986
56039
56088
56141
56189
56240
56290
56341
56390
56439
56483
56532
56577
56624
56675
56723
56776
56828
56878
56930
56980
57029
57079
57131
57180
57231
57283
57331
57382
57431
57478
57523
57569
57616
57667
57713
57763
57814
57865
57917
57968
58016
58067
58115
58167
58218
58266
58319
58370
58414
58464
58508
58555
58601
58645
58696
58746
58793
58846
58899
58950
58999
59046
59098
59146
59196
59246
59298
59347
59396
59448
59494
59539
59587
59632
59679
59726
59775
59827
59877
59928
59982
60029
60080
60129
60177
60228
60277
60331
60379
60428
60478
60527
60570
60618
60662
60711
60758
60807
60860
60912
60963
61014
61063
61112
61162
61210
61262
61311
61363
61413
61462
61510
61558
61606
61649
61694
61744
61790
61842
61893
61944
61996
62046
62096
62148
62195
62246
62294
62344
62397
62446
62498
62548
62592
62641
62686
62732
62781
62828
62879
62932
62982
63036
63086
63136
63184
63236
63286
63335
63389
63437
63486
63538
63587
63634
63680
63725
63773
63821
63870
63922
63973
64028
64077
64128
64178
64226
64278
64328
64377
64429
64481
64529
64578
64624
64672
64719
64765
64813
64863
64913
64962
65016
65069
65117
65169
65219
65268
65318
65367
65421
65471
65519
65573
65620
65668
65714
65759
65810
65855
65904
65958
66007
66061
66113
66161
66213
66265
66313
66363
66413
66464
66516
66568
66617
66664
66711
66759
66807
66852
66901
66951
67002
67055
67108
67158
67211
67259
67312
67363
67411
67462
67514
67564
67615
67663
67712
67758
67804
67853
67902
67953
68000
68054
68106
68157
68211
68259
68309
68360
68410
68464
68513
68562
68616
68665
68715
68763
68807
68856
68902
68951
69001
69051
69106
69158
69210
69261
69313
69362
69412
69464
69514
69565
69621
69667
69714
69762
69809
69858
69904
69952
70004
70053
70109
70160
70210
70263
70315
70366
70414
70462
70517
70567
70620
70670
70720
70769
70815
70864
70910
70958
71007
71057
71111
71165
71215
71269
71319
71368
71419
71470
71522
71574
71625
71675
71726
71775
71822
71868
71917
71964
72013
72064
72115
72168
72221
72276
72324
72374
72428
72474
72528
72577
72627
72681
72730
72781
72829
72874
72924
72971
73019
73069
73119
73175
73227
73279
73329
73379
73431
73480
73532
73583
73634
73688
73738
73788
73839
73883
73932
73978
74025
74076
74124
74179
74233
74284
74335
74387
74438
74489
74540
74591
74640
74695
74744
74793
74843
74890
74941
74986
75033
75085
75132
75186
75239
75289
75342
75393
75445
75496
75546
75596
75647
75699
75752
75802
75852
75899
75949
75995
76043
76093
76141
76191
76244
76299
76351
76400
76451
76503
76553
76606
76656
76707
76759
76809
76860
76909
76958
77003
77050
77098
77146
77197
77251
77303
77359
77408
77458
77509
77559
77613
77664
77712
77765
77815
77867
77915
77962
78011
78058
78105
78154
78205
78256
78308
78365
78414
78465
78515
78565
78619
78667
78719
78771
78821
78875
78923
78970
79018
79064
79111
79161
79209
79262
79315
79366
79421
79471
79522
79573
79622
79673
79724
79780
79828
79882
79933
79979
80027
80073
80120
80170
80217
80270
80321
80371
80426
80479
80528
80579
80630
80680
80730
80782
80832
80885
80932
80982
81032
81077
81124
81174
81221
81270
81322
81374
81429
81480
81530
81582
81630
81681
81732
81786
81835
81888
81937
81987
82037
82083
82128
82177
82225
82273
82324
82377
82433
82483
82533
82586
82634
82685
82737
82785
82838
82888
82941
82991
83039
83087
83134
83181
83229
83277
83329
83380
83433
83484
83534
83587
83637
83687
83737
83788
83843
83893
83945
83995
84043
84091
84138
84184
84232
84280
84331
84382
84433
84488
84541
84591
84641
84692
84743
84792
84847
84896
84946
84998
85047
85097
85143
85190
85239
85285
85335
85386
85437
85492
85546
85597
85646
85696
85748
85797
85852
85901
85951
86005
86054
86106
86150
86197
86245
86294
86341
86392
86443
86498
86549
86602
86653
86702
86755
86806
86854
86907
86960
87009
87059
87109
87159
87206
87253
87301
87348
87397
87449
87504
87554
87607
87659
87710
87760
87810
87861
87913
87963
88017
88067
88116
88167
88213
88261
88308
88356
88405
88455
88506
88560
88612
88664
88715
88765
88815
88866
88918
88968
89024
89074
89122
89173
89221
89266
89315
89361
89411
89462
89511
89566
89620
89672
89723
89771
89823
89873
89926
89974
90026
90078
90127
90177
90225
90272
90320
90367
90418
90467
90514
90569
90620
90676
90726
90775
90828
90877
90930
90979
91030
91083
91133
91186
91233
91280
91329
91375
91422
91471
91522
91575
91627
91679
91734
91782
91835
91884
91934
91988
92040
92091
92141
92195
92241
92289
92336
92383
92432
92480
92529
92584
92633
92686
92741
92790
92844
92892
92942
92994
93043
93096
93147
93198
93249
93296
93345
93391
93438
93488
93536
93589
93642
93693
93745
93797
93849
93897
93947
94000
94053
94105
94156
94204
94257
94304
94352
94399
94445
94496
94545
94593
94649
94700
94753
94805
94857
94905
94956
95008
95057
95112
95163
95210
95265
95312
95360
95408
95454
95503
95552
95600
95653
95708
95762
95812
95864
95915
95965
96016
96066
96119
96169
96219
96272
96321
96368
96418
96463
96511
96559
96608
96659
96710
96764
96816
96866
96918
96968
97018
97069
97122
97172
97223
97278
97325
97374
97422
97468
97515
97565
97612
97666
97715
97768
97822
97871
97925
97974
98023
98075
98125
98178
98229
98280
98331
98381
98428
98476
98524
98571
98620
98671
98720
98772
98829
98877
98933
98980
99029
99080
99129
99184
99233
99284
99337
99387
99434
99481
99527
99575
99624
99672
99725
99776
99830
99882
99934
99985
100036
100096
100153
100215
100275
100335
100394
100450
100503
100560
100615
100671
100732
100792
100853
100913
100975
101034
101092
101152
101212
101272
101332
101392
101449
101506
101560
101616
101672
101731
101788
101851
101913
101975
102032
102090
102151
102209
102271
102329
102391
102449
102507
102559
102616
102669
102728
102786
102846
102908
102968
103029
103086
103147
103205
103266
103326
103386
103444
103503
103556
103610
103667
103724
103782
103840
103904
103963
104025
104083
104142
104198
104261
104319
104379
104439
104495
104553
104608
104662
104717
104777
104835
104896
104956
105018
105078
105135
105194
105253
105315
105372
105434
105492
105552
105603
105661
105714
105770
105829
105888
105950
106010
106071
106129
106189
106245
106308
106365
106426
106486
106544
106598
106652
106708
106765
106822
106881
106942
106999
107064
107121
107181
107240
107300
107358
107419
107478
107536
107593
107646
107702
107756
107816
107871
107929
107991
108052
108112
108171
108231
108289
108346
108404
108467
108525
108584
108637
108690
108748
108801
108860
108916
108977
109036
109098
109156
109216
109273
109332
109390
109449
109509
109567
109625
109679
109733
109788
109844
109900
109956
110018
110078
110140
110194
110255
110313
110371
110428
110490
110545
110606
110661
110713
110769
110822
110879
110933
110994
111052
111115
111173
111229
111287
111344
111405
111461
111520
111577
111635
111693
111747
111799
111854
111911
111963
112025
112084
112145
112203
112261
112319
112375
112431
112492
112551
112605
112666
112721
112775
112828
112881
112939
112995
113052
113112
113174
113233
113289
113345
113406
113462
113521
113581
113636
113697
113751
113805
113858
113914
113970
114023
114086
114143
114206
114262
114323
114377
114439
114496
114557
114614
114673
114730
114783
114839
114893
114947
115004
115061
115118
115182
115242
115301
115359
115417
115475
115532
115591
115650
115712
115766
115824
115876
115930
115984
116040
116101
116161
116222
116281
116339
116399
116454
116514
116574
116632
116689
116749
116804
116859
116913
116970
117024
117082
117141
117201
117264
117321
117381
117437
117497
117557
117617
117675
117736
117793
117851
117904
117959
118013
118070
118127
118188
118250
118310
118372
118430
118489
118547
118607
118665
118722
118784
118839
118899
118951
119008
119062
119120
119178
119239
119302
119360
119418
119479
119539
119597
119654
119717
119777
119835
119891
119945
120004
120059
120111
120172
120232
120292
120354
120415
120473
120533
120591
120651
120708
120771
120829
120885
120942
120998
121053
121110
121165
121226
121287
121348
121410
121468
121527
121587
121646
121707
121764
121826
121881
121942
121996
122051
122105
122165
122221
122282
122343
122405
122464
122521
122583
122641
122702
122759
122822
122882
122938
122995
123051
123104
123161
123219
123277
123340
123400
123462
123520
123581
123639
123699
123756
123819
123879
123938
123993
124047
124104
124160
124218
124274
124335
124397
124459
124517
124579
124633
124693
124754
124812
124870
124931
124992
125044
125102
125154
125214
125270
125331
125391
125454
125515
125573
125632
125691
125752
125810
125873
125931
125991
126045
126104
126156
126209
126269
126327
126389
126451
126512
126572
126631
126690
126751
126809
126871
126930
126990
127046
127101
127159
127212
127271
127327
127389
127449
127512
127572
127633
127690
127750
127810
127870
127929
127990
128047
128104
128158
128212
128270
128327
128386
128446
128509
128569
128628
128688
128745
128806
128864
128924
128984
129044
129099
129154
129211
129267
129321
129380
129440
129501
129563
129623
129683
129741
129801
129859
129922
129980
130040
130097
130154
130209
130261
130320
130375
130437
130497
130561
130621
130681
130738
130798
130856
130918
130974
131034
131095
131153
131207
131261
131320
131374
131433
131493
131557
131618
131677
131737
131795
131855
131914
131975
132033
132095
132152
132208
132264
132321
132374
132432
132492
132554
132615
132675
132737
132795
132852
132913
132974
133034
133094
133152
133210
133265
133316
133375
133430
133491
133551
133614
133674
133733
133794
133854
133912
133972
134031
134091
134153
134209
134266
134320
134375
134433
134492
134550
134612
134672
134735
134793
134850
134910
134968
135029
135089
135150
135208
135265
135318
135374
135429
135487
135547
135608
135669
135730
135789
135850
135910
135967
136028
136087
136149
136205
136266
136321
136372
136430
136487
136544
136606
136668
136728
136790
136849
136908
136965
137028
137086
137147
137207
137266
137323
137375
137431
137486
137546
137604
137666
137728
137791
137849
137907
137967
138029
138086
138146
138208
138266
138321
138376
138432
138490
138545
138602
138664
138725
138783
138846
138904
138966
139023
139084
139143
139206
139263
139323
139376
139435
139487
139545
139603
139663
139724
139786
139847
139906
139965
140022
140085
140143
140205
140265
140325
140380
140433
140489
140547
140605
140661
140724
140786
140848
140904
140967
141022
141083
141142
141203
141263
141324
141378
141433
141489
141545
141603
141661
141722
141783
141844
141903
141966
142022
142081
142142
142200
142259
142320
142378
142436
142492
142544
142603
142661
142719
142782
142843
142906
142964
143024
143081
143142
143202
143264
143322
143382
143439
143495
143548
143605
143663
143721
143780
143842
143905
143965
144024
144082
144144
144202
144263
144322
144383
144441
144493
144550
144603
144664
144719
144779
144841
144903
144963
145024
145079
145142
145200
145262
145321
145381
145440
145494
145550
145605
145661
145718
145777
145837
145899
145958
146021
146079
146138
146198
146256
146319
146376
146438
146493
146552
146605
146661
146720
146775
146837
146897
146959
147019
147077
147136
147198
147257
147318
147377
147439
147496
147554
147607
147662
147719
147775
147835
147896
147959
148018
148080
148137
148198
148257
148316
148378
148438
148497
148550
148609
148663
148718
148777
148835
148892
148957
149016
149078
149135
149196
149255
149313
149376
149435
149495
149553
149608
149663
149719
149774
149834
149893
149954
150016
150076
150137
150194
150254
150312
150374
150434
150494
150551
150610
150662
150717
150776
150832
150891
150952
151014
151075
151135
151194
151254
151313
151373
151432
151493
151553
151609
151664
151718
151776
151830
151891
151949
152012
152071
152135
152193
152253
152310
152369
152429
152489
152547
152605
152663
152719
152773
152827
152888
152945
153006
153068
153127
153187
153246
153306
153364
153425
153481
153541
153599
153659
153716
153768
153826
153880
153937
153995
154059
154119
154178
154236
154297
154354
154414
154470
154533
154592
154649
154704
154756
154815
154867
154926
154983
155044
155103
155164
155221
155280
155340
155398
155455
155515
155575
155633
155691
155746
155802
155854
155908
155966
156024
156085
156144
156207
156264
156324
156379
156440
156498
156555
156616
156673
156731
156783
156842
156892
156949
157004
157063
157125
157185
157244
157303
157362
157417
157479
157537
157598
157653
157714
157768
157821
157877
157932
157988
158043
158106
158166
158228
158285
158344
158401
158460
158519
158575
158638
158696
158755
158808
158864
158918
158973
159028
159087
159148
159208
159269
159326
159387
159444
159503
159562
159623
159680
159740
159797
159851
159905
159961
160017
160072
160132
160192
160254
160310
160368
160429
160487
160547
160604
160664
160724
160782
160836
160893
160946
160999
161056
161112
161175
161235
161297
161356
161415
161472
161532
161590
161651
161708
161768
161826
161880
161935
161987
162045
162102
162161
162218
162283
162343
162400
162460
162519
162579
162636
162698
162753
162816
162870
162926
162980
163036
163093
163149
163207
163269
163330
163390
163447
163508
163565
163623
163686
163746
163805
163863
163916
163975
164025
164084
164138
164199
164257
164320
164380
164441
164498
164557
164616
164674
164735
164793
164854
164912
164966
165019
165076
165132
165186
165247
165307
165371
165430
165491
165548
165608
165665
165727
165785
165847
165904
165962
166015
166070
166124
166180
166241
166300
166363
166423
166485
166543
166601
166659
166719
166779
166838
166898
166956
167012
167066
167123
167176
167236
167294
167356
167418
167478
167537
167595
167652
167713
167774
167834
167895
167953
168011
168064
168121
168173
168229
168290
168350
168414
168473
168532
168590
168653
168710
168771
168830
168892
168950
169009
169062
169119
169174
169230
169288
169345
169409
169470
169532
169590
169649
169708
169767
169828
169887
169948
170006
170064
170118
170176
170229
170287
170344
170405
170469
170531
170588
170646
170705
170766
170825
170885
170947
171005
171064
171119
171177
171231
171286
171344
171404
171466
171528
171589
171647
171707
171765
171827
171885
171947
172006
172067
172120
172176
172230
172286
172344
172405
172465
172528
172588
172648
172709
172767
172828
172887
172947
173006
173065
173122
173175
173233
173290
173348
173402
173465
173527
173590
173649
173710
173766
173828
173887
173946
174008
174066
174128
174181
174236
174290
174349
174406
174463
174527
174588
174650
174708
174770
174825
174886
174947
175007
175067
175125
175184
175240
175293
175347
175408
175466
175527
175588
175650
175710
175771
175829
175889
175949
176009
176068
176130
176185
176242
176296
176350
176408
176467
176528
176588
176652
176710
176771
176829
176889
176947
177008
177067
177129
177187
177241
177300
177353
177411
177467
177527
177588
177651
177710
177769
177826
177886
177947
178004
178067
178126
178187
178241
178298
178354
178410
178465
178524
178587
178646
178710
178768
178829
178884
178948
179003
179068
179127
179188
179244
179303
179355
179409
179469
179525
179584
179646
179709
179769
179829
179887
179945
180005
180065
180123
180185
180243
180297
180355
180409
180467
180522
180579
180641
180704
180765
180825
180882
180943
181002
181059
181122
181182
181242
181299
181354
181412
181467
181523
181581
181641
181700
181764
181824
181884
181938
182001
182062
182120
182182
182240
182301
182359
182413
182468
182521
182578
182640
182700
182762
182821
182884
182938
182998
183059
183121
183177
183241
183300
183358
183410
183465
183524
183580
183637
183698
183762
183823
183883
183941
184003
184061
184121
184181
184240
184301
184358
184414
184470
184526
184581
184638
184699
184761
184822
184884
184942
185002
185058
185120
185178
185240
185301
185359
185417
185471
185525
185583
185641
185699
185758
185822
185882
185943
186001
186061
186118
186181
186239
186300
186359
186417
186473
186529
186582
186640
186696
186757
186821
186883
186942
186999
187062
187118
187180
187239
187301
187360
187420
187474
187528
187586
187639
187700
187757
187820
187880
187943
188002
188063
188121
188180
188240
188299
188361
188418
188476
188532
188589
188644
188701
188757
188821
188882
188944
189004
189061
189119
189179
189240
189299
189361
189418
189479
189535
189589
189643
189702
189759
189818
189880
189941
190004
190060
190121
190182
190242
190301
190360
190420
190482
190535
190594
190649
190703
190762
190819
190881
190944
191005
191063
191123
191184
191242
191301
191364
191424
191485
191542
191598
191654
191707
191766
191821
191885
191944
192009
192068
192129
192187
192246
192305
192365
192426
192482
192544
192599
192656
192711
192767
192824
192884
192943
193008
193068
193128
193185
193242
193306
193364
193425
193485
193545
193601
193657
193712
193768
193825
193882
193944
194006
194068
194127
194187
194245
194306
194364
194426
194486
194547
194603
194660
194713
194770
194827
194883
194944
195005
195068
195128
195188
195247
195306
195366
195426
195487
195547
195605
195660
195717
195772
195827
195884
195945
196005
196069
196129
196190
196247
196308
196367
196427
196484
196544
196604
196661
196715
196771
196827
196886
196943
197003
197065
197128
197187
197247
197305
197364
197424
197483
197543
197604
197662
197718
197773
197830
197885
197942
198002
198063
198125
198185
198247
198304
198365
198423
198485
198543
198605
198661
198722
198776
198830
198888
198944
199002
199064
199125
199186
199247
199307
199365
199424
199486
199545
199606
199665
199721
199779
199831
199887
199944
200005
200063
200126
200186
200248
200307
200365
200425
200485
200544
200602
200664
200722
200778
200833
200889
200946
201003
201061
201122
201185
201245
201306
201362
201425
201482
201544
201604
201664
201720
201782
201833
201892
201944
202003
202062
202121
202183
202243
202305
202362
202425
202482
202543
202599
202663
202722
202782
202835
202888
202946
203001
203062
203119
203182
203242
203305
203364
203423
203483
203541
203602
203661
203723
203778
203838
203890
203948
204002
204059
204119
204181
204241
204303
204362
204421
204480
204539
204600
204659
204720
204780
204838
204891
204947
205003
205059
205114
205175
205239
205296
205358
205416
205476
205531
205594
205653
205713
205771
205831
205886
205941
205995
206050
206111
206163
206227
206288
206349
206407
206468
206523
206584
206644
206701
206763
206821
206879
206932
206987
207041
207100
207155
207215
207276
207336
207397
207455
207515
207572
207632
207690
207750
207810
207868
207925
207976
208033
208086
208144
208201
208260
208322
208381
208441
208498
208556
208614
208674
208731
208791
208849
208908
208961
209018
209072
209128
209180
209237
209299
209359
209420
209478
209537
209595
209653
209710
209770
209829
209886
209942
209998
210052
210106
210159
210217
210274
210332
210395
210454
210511
210571
210627
210685
210742
210800
210858
210918
210975
211027
211084
211136
211190
211248
211306
211365
211427
211484
211545
211603
211657
211717
211775
211836
211892
211950
212008
212061
212115
212171
212225
212279
212340
212400
212462
212521
212581
212637
212695
212751
212814
212872
212931
212989
213043
213099
213154
213209
213263
213321
213379
213443
213503
213561
213621
213675
213735
213794
213856
213910
213971
214029
214088
214138
214192
214249
214304
214362
214422
214487
214546
214606
214664
214722
214780
214839
214897
214958
215018
215072
215130
215184
215238
215294
215353
215411
215470
215532
215593
215651
215707
215767
215828
215888
215948
216008
216065
216122
216175
216229
216287
216343
216400
216460
216522
216582
216643
216701
216761
216819
216879
216938
216999
217057
217112
217171
217223
217279
217335
217394
217452
217514
217576
217636
217696
217754
217813
217871
217931
217991
218051
218107
218167
218221
218277
218331
218387
218446
218506
218569
218629
218691
218748
218808
218866
218925
218980
219045
219102
219162
219216
219270
219328
219382
219442
219501
219563
219624
219686
219744
219803
219862
219923
219979
220041
220101
220161
220217
220270
220329
220382
220441
220496
220560
220621
220684
220742
220799
220861
220919
220980
221037
221102
221159
221216
221273
221329
221382
221441
221496
221557
221620
221680
221742
221800
221860
221918
221980
222039
222098
222159
222220
222276
222331
222384
222442
222500
222557
222619
222681
222743
222801
222861
222921
222981
223040
223101
223160
223220
223278
223331
223388
223445
223502
223557
223620
223682
223744
223804
223864
223924
223981
224042
224102
224162
224222
224278
224334
224392
224446
224501
224560
224620
224680
224742
224805
224862
224920
224981
225041
225100
225163
225222
225278
225338
225395
225447
225503
225557
225616
225677
225738
225801
225861
225920
225978
226037
226096
226157
226216
226278
226334
226390
226444
226498
226555
226614
226675
226737
226799
226859
226920
226977
227038
227095
227157
227217
227277
227336
227390
227446
227503
227557
227614
227675
227736
227798
227860
227920
227978
228034
228097
228156
228217
228277
228337
228392
228451
228503
228560
228618
228675
228736
228797
228860
228919
228978
229037
229098
229157
229217
229277
229339
229397
229452
229509
229563
229619
229676
229737
229797
229861
229920
229982
230040
230100
230160
230220
230279
230340
230401
230457
230511
230564
230622
230677
230737
230798
230861
230919
230982
231041
231102
231160
231220
231280
231340
231398
231455
231512
231569
231625
231681
231738
231797
231861
231923
231985
232043
232101
232160
232220
232280
232339
232401
232459
232518
232568
232626
232683
232741
232799
232860
232923
232983
233042
233102
233162
233221
233281
233342
233403
233461
233520
233572
233632
233686
233741
233800
233860
233923
233982
234044
234104
234165
234222
234281
234342
234403
234463
234522
234575
234631
234687
234743
234802
234859
234923
234983
235047
235105
235165
235222
235283
235343
235402
235463
235523
235578
235634
235689
235744
235805
235860
235924
235984
236047
236105
236164
236223
236281
236344
236400
236464
236521
236583
236637
236692
236746
236807
236861
236922
236984
237045
237105
237163
237226
237283
237344
237404
237466
237524
237583
237639
237695
237750
237805
237863
237922
237984
238045
238107
238166
238227
238285
238346
238403
238465
238522
238584
238642
238695
238751
238805
238863
238922
238984
239044
239106
239167
239227
239286
239345
239403
239464
239526
239584
239644
239700
239753
239809
239868
239923
239984
240045
240108
240168
240227
240284
240346
240406
240465
240525
240585
240645
240700
240756
240810
240867
240924
240982
241041
241104
241165
241225
241285
241343
241403
241463
241524
241583
241643
241700
241753
241811
241863
241921
241980
242040
242100
242163
242223
242284
242342
242403
242458
242521
242579
242639
242696
242753
242808
242861
242921
242977
243036
243096
243159
243220
243279
243338
243397
243457
243515
243576
243636
243697
243750
243809
243864
243920
243974
244033
244093
244154
244216
244275
244335
244394
244453
244512
244572
244632
244694
244749
244806
244860
244914
244971
245027
245088
245147
245208
245269
245331
245388
245447
245507
245567
245627
245680
245743
245798
245856
245907
245964
246021
246078
246138
246199
246260
246319
246379
246434
246496
246552
246614
246673
246735
246790
246845
246899
246954
247009
247065
247126
247186
247247
247304
247367
247425
247483
247539
247603
247661
247718
247778
247833
247891
247943
247999
248053
248112
248168
248231
248294
248352
248411
248469
248527
248585
248646
248704
248764
248821
248876
248931
248986
249038
249094
249155
249214
249276
249335
249397
249453
249513
249571
249631
249686
249747
249805
249864
249922
249974
250030
250084
250142
250198
250259
250321
250380
250438
250496
250557
250615
250674
250731
250795
250853
250910
250963
251017
251074
251128
251185
251245
251308
251367
251429
251486
251546
251604
251663
251720
251782
251841
251899
251954
252011
252064
252118
252178
252235
252295
252357
252418
252478
252534
252594
252654
252715
252770
252834
252892
252949
253005
253060
253116
253171
253228
253286
253348
253410
253471
253529
253589
253648
253707
253766
253827
253886
253945
254000
254054
254112
254164
254222
254282
254343
254402
254465
254525
254585
254641
254701
254763
254821
254883
254941
255000
255054
255111
255164
255223
255278
255337
255400
255461
255524
255581
255640
255701
255760
255820
255881
255940
256002
256056
256111
256167
256220
256277
256333
256397
256457
256521
256578
256638
256696
256756
256815
256875
256935
256995
257052
257105
257164
257215
257275
257331
257392
257452
257514
257573
257634
257694
257751
257810
257871
257931
257990
258052
258105
258163
258217
258273
258328
258388
258448
258510
258572
258632
258691
258747
258810
258869
258930
258989
259050
259106
259164
259218
259271
259330
259384
259447
259509
259571
259630
259690
259748
259810
259867
259929
259989
260049
260103
260160
260215
260270
260326
260383
260443
260506
260569
260629
260689
260747
260808
260866
260926
260986
261045
261105
261163
261219
261271
261330
261386
261444
261504
261568
261629
261689
261748
261805
261867
261926
261986
262047
262106
262163
262221
262274
262332
262388
262443
262505
262566
262629
262688
262748
262808
262868
262925
262987
263047
263108
263163
263224
263278
263333
263387
263446
263506
263564
263628
263688
263751
263809
263868
263927
263988
264048
264108
264166
264224
264279
264335
264391
264447
264505
264564
264628
264688
264750
264809
264870
264928
264988
265048
265104
265168
265226
265285
265336
265393
265448
265506
265566
265627
265689
265752
265808
265869
265928
265988
266048
266109
266167
266229
266286
266339
266396
266453
266508
266567
266627
266690
266751
266811
266871
266931
266988
267050
267109
267170
267228
267288
267342
267398
267453
267508
267566
267627
267690
267752
267811
267872
267932
267990
268052
268110
268171
268229
268289
268346
268399
268458
268512
268571
268628
268691
268753
268816
268875
268933
268992
269053
269113
269172
269230
269292
269351
269403
269459
269515
269573
269631
269693
269753
269816
269873
269932
269993
270053
270114
270171
270235
270292
270351
270408
270464
270518
270574
270630
270691
270753
270814
270877
270935
270997
271054
271114
271172
271235
271295
271356
271412
271470
271521
271578
271636
271694
271755
271818
271880
271940
271999
272059
272119
272177
272238
272298
272359
272417
272469
272525
272582
272640
272697
272757
272819
272881
272940
273001
273059
273118
273177
273233
273298
273358
273416
273470
273529
273584
273638
273697
273757
273818
273882
273941
274001
274061
274119
274179
274239
274300
274359
274420
274475
274531
274588
274644
274699
274759
274820
274880
274943
275003
275064
275123
275183
275241
275303
275361
275423
275481
275537
275591
275645
275704
275761
275822
275883
275946
276006
276064
276125
276184
276244
276305
276363
276425
276480
276535
276593
276649
276705
276762
276820
276882
276945
277002
277066
277124
277184
277243
277301
277364
277423
277483
277538
277595
277650
277705
277764
277822
277883
277945
278006
278066
278125
278184
278245
278303
278366
278425
278485
278543
278598
278654
278710
278767
278824
278883
278943
279007
279067
279127
279186
279246
279305
279367
279426
279486
279543
279602
279656
279713
279767
279826
279884
279944
280007
280068
280128
280187
280248
280306
280366
280425
280487
280544
280601
280657
280712
280771
280826
280882
280944
281007
281066
281128
281185
281248
281306
281364
281423
281486
281547
281604
281659
281716
281771
281824
281885
281943
282003
282065
282125
282185
282244
282302
282364
282424
282483
282544
282602
282661
282714
282770
282826
282880
282940
282997
283062
283122
283184
283242
283300
283360
283422
283479
283541
283599
283659
283713
283766
283825
283877
283936
283994
284057
284119
284177
284238
284299
284357
284414
284473
284531
284595
284652
284707
284764
284816
284871
284932
284988
285045
285107
285169
285228
285286
285345
285403
285464
285522
285582
285640
285701
285755
285810
285863
285918
285975
286034
286097
286157
286218
286275
286333
286393
286453
286510
286569
286629
286687
286743
286797
286852
286905
286963
287020
287078
287138
287196
287257
287317
287375
287432
287492
287552
287611
287667
287727
287783
287834
287891
287945
288002
288057
288115
288176
288238
288296
288355
288412
288468
288526
288587
288644
288703
288762
288817
288872
288922
288976
289035
289094
289153
289213
289275
289333
289389
289449
289507
289566
289626
289683
289741
289801
289852
289908
289962
290019
290074
290133
290194
290255
290314
290372
290430
290489
290548
290605
290667
290726
290786
290841
290897
290950
291002
291061
291117
291178
291237
291298
291359
291419
291474
291536
291595
291655
291712
291769
291831
291887
291941
291993
292053
292108
292165
292225
292288
292348
292404
292465
292524
292584
292641
292701
292761
292821
292877
292933
292986
293039
293097
293153
293214
293276
293338
293398
293458
293516
293576
293632
293694
293754
293814
293874
293927
293984
294037
294093
294149
294210
294269
294332
294392
294453
294512
294570
294630
294688
294747
294808
294869
294925
294980
295035
295093
295148
295201
295265
295325
295389
295445
295506
295566
295626
295684
295746
295805
295866
295923
295982
296035
296090
296146
296204
296263
296323
296385
296445
296507
296565
296624
296683
296745
296803
296864
296921
296981
297035
297089
297148
297201
297262
297321
297384
297445
297507
297564
297623
297683
297742
297802
297859
297923
297981
298038
298092
298148
298204
298262
298320
298383
298444
298503
298563
298621
298682
298742
298803
298861
298920
298982
299041
299094
299151
299204
299261
299321
299380
299445
299505
299567
299622
299685
299742
299804
299863
299925
299981
300042
300097
300153
300207
300264
300322
300381
300445
300506
300568
300627
300687
300746
300806
300866
300925
300986
301044
301102
301154
301211
301266
301326
301384
301448
301508
301571
301627
301691
301748
301808
301867
301927
301990
302048
302107
302161
302219
302271
302330
302388
302450
302511
302573
302634
302692
302752
302812
302870
302930
302991
303051
303112
303166
303224
303279
303334
303393
303451
303515
303575
303638
303697
303757
303814
303877
303937
303998
304054
304116
304172
304230
304285
304339
304396
304456
304517
304580
304643
304702
304761
304818
304881
304941
305001
305061
305121
305177
305232
305289
305345
305403
305459
305521
305583
305644
305706
305764
305822
305886
305946
306005
306065
306123
306186
306238
306294
306349
306408
306466
306526
306587
306650
306710
306772
306829
306889
306948
307008
307070
307129
307190
307247
307303
307357
307413
307470
307530
307589
307651
307714
307773
307834
307890
307951
308011
308071
308133
308192
308247
308304
308359
308416
308471
308530
308590
308650
308714
308773
308834
308891
308950
309008
309071
309130
309190
309249
309306
309360
309415
309470
309529
309588
309650
309713
309773
309834
309892
309954
310011
310072
310132
310192
310252
310307
310364
310417
310476
310531
310592
310651
310714
310775
310836
310896
310957
311013
311074
311136
311195
311252
311310
311368
311423
311478
311535
311596
311655
311714
311778
311835
311898
311956
312016
312074
312137
312196
312258
312313
312371
312428
312484
312539
312597
312656
312716
312779
312840
312902
312959
313019
313078
313140
313197
313258
313318
313378
313431
313487
313544
313600
313658
313718
313781
313842
313903
313963
314023
314082
314141
314201
314261
314321
314380
314434
314489
314546
314600
314661
314719
314782
314843
314905
314965
315025
315080
315142
315203
315261
315325
315381
315438
315493
315550
315605
315663
315722
315784
315843
315907
315966
316025
316084
316142
316204
316263
316325
316383
316442
316496
316551
316608
316666
316722
316782
316844
316906
316967
317026
317083
317142
317203
317259
317325
317381
317442
317495
317552
317607
317664
317720
317779
317842
317904
317963
318024
318084
318142
318202
318262
318322
318382
318442
318495
318551
318608
318661
318723
318779
318842
318900
318964
319021
319083
319141
319200
319261
319319
319380
319439
319494
319549
319607
319662
319718
319776
319837
319896
319957
320019
320077
320136
320194
320254
320312
320370
320431
320491
320545
320599
320653
320707
320765
320823
320884
320944
321004
321063
321123
321181
321241
321297
321357
321417
321472
321531
321585
321641
321692
321751
321808
321864
321925
321985
322045
322103
322162
322217
322278
322335
322394
322453
322512
322569
322622
322675
322729
322786
322840
322899
322959
323021
323077
323137
323195
323250
323308
323366
323426
323485
323541
323597
323653
323705
323759
323815
323872
323931
323991
324053
324112
324170
324224
324286
324343
324400
324460
324519
324577
324632
324687
324739
324797
324849
324905
324968
325027
325087
325148
325203
325262
325321
325376
325436
325498
325556
325612
325666
325724
325774
325833
325886
325947
326006
326068
326126
326186
326243
326303
326362
326419
326479
326537
326599
326653
326709
326763
326819
326873
326929
326990
327050
327113
327172
327232
327290
327346
327407
327465
327526
327586
327644
327699
327755
327808
327864
327921
327979
328035
328100
328160
328222
328277
328335
328395
328453
328513
328570
328631
328690
328744
328798
328855
328910
328963
329025
329085
329148
329206
329266
329325
329385
329442
329503
329560
329624
329680
329738
329793
329848
329902
329959
330016
330077
330138
330199
330260
330320
330377
330436
330493
330556
330613
330672
330733
330789
330844
330898
330953
331012
331070
331131
331193
331253
331313
331373
331432
331491
331551
331609
331671
331729
331788
331841
331899
331953
332008
332066
332127
332190
332249
332311
332370
332430
332486
332549
332607
332669
332727
332787
332843
332898
332951
333008
333065
333126
333183
333247
333309
333367
333426
333486
333544
333606
333663
333722
333783
333840
333893
333951
334005
334065
334122
334180
334244
334305
334365
334423
334483
334542
334602
334661
334721
334782
334840
334894
334951
335006
335060
335121
335179
335243
335302
335364
335421
335484
335542
335602
335662
335723
335782
335841
335897
335950
336006
336062
336121
336179
336240
336300
336364
336421
336481
336541
336600
336660
336715
336780
336838
336898
336952
337009
337061
337121
337177
337238
337298
337362
337421
337480
337540
337597
337658
337717
337780
337838
337898
337952
338010
338062
338121
338176
338234
338297
338357
338420
338477
338540
338599
338657
338717
338778
338838
338897
338953
339011
339065
339120
339178
339233
339296
339356
339419
339479
339539
339595
339658
339717
339778
339838
339896
339958
340012
340067
340123
340179
340236
340295
340357
340419
340479
340540
340599
340657
340717
340776
340837
340897
340955
341011
341068
341123
341181
341236
341291
341355
341418
341479
341537
341600
341658
341717
341777
341837
341898
341955
342014
342073
342126
342179
342237
342294
342357
342418
342480
342540
342601
342658
342719
342779
342840
342900
342959
343018
343077
343131
343185
343240
343299
343358
343418
343483
343543
343604
343662
343722
343780
343842
343901
343961
344021
344078
344132
344189
344245
344302
344360
344420
344483
344545
344604
344664
344724
344782
344842
344902
344962
345023
345078
345136
345192
345250
345302
345363
345422
345483
345546
345604
345664
345723
345781
345842
345902
345964
346023
346081
346138
346192
346249
346304
346360
346421
346480
346544
346605
346666
346723
346784
346841
346904
346964
347024
347081
347143
347198
347250
347306
347365
347423
347482
347545
347607
347669
347726
347787
347845
347907
347963
348027
348086
348144
348202
348256
348311
348368
348425
348483
348546
348607
348668
348725
348788
348847
348905
348966
349026
349084
349143
349200
349254
349312
349367
349425
349483
349541
349604
349664
349726
349786
349844
349904
349965
350024
350084
350143
350203
350256
350315
350369
350426
350484
350541
350604
350665
350727
350786
350847
350905
350965
351024
351086
351144
351205
351259
351316
351371
351426
351483
351542
351605
351665
351729
351788
351848
351906
351967
352026
352088
352146
352204
352263
352316
352372
352430
352486
352543
352605
352665
352727
352785
352843
352905
352962
353024
353084
353145
353203
353263
353317
353376
353428
353486
353540
353601
353662
353724
353783
353845
353904
353962
354023
354082
354143
354200
354261
354320
354375
354428
354485
354541
354599
354661
354721
354783
354842
354901
354961
355021
355080
355141
355201
355261
355318
355373
355429
355486
355542
355598
355659
355719
355783
355842
355904
355962
356019
356079
356137
356200
356259
356319
356375
356429
356484
356541
356596
356657
356716
356777
356839
356896
356959
357016
357077
357135
357197
357256
357315
357375
357431
357484
357538
357594
357653
357713
357774
357837
357897
357957
358015
358074
358133
358193
358253
358313
358372
358426
358483
358536
358591
358647
358709
358766
358831
358890
358950
359007
359068
359124
359182
359245
359305
359364
359419
359474
359529
359586
359639
359696
359755
359817
359879
359938
359997
360056
360113
360174
360230
360291
360352
360408
360464
360519
360571
360629
360684
360739
360800
360862
360921
360981
361039
361096
361154
361210
361272
361331
361389
361446
361501
361557
361610
361663
361718
361779
361837
361900
361958
362018
362075
362132
362191
362251
362306
362366
362427
362483
362538
362590
362646
362699
362757
362813
362874
362936
362996
363053
363112
363171
363229
363287
363348
363404
363464
363523
363575
363628
363683
363740
363798
363855
363917
363977
364038
364095
364155
364211
364269
364327
364388
364449
364505
364561
364616
364673
364727
364780
364839
364898
364962
365020
365081
365139
365198
365255
365314
365371
365435
365493
365552
365604
365660
365714
365768
365826
365885
365947
366007
366070
366128
366186
366245
366303
366363
366419
366480
366538
366597
366649
366705
366759
366819
366874
366931
366994
367056
367116
367176
367234
367293
367352
367412
367473
367532
367591
367645
367699
367758
367809
367867
367927
367990
368049
368112
368168
368230
368286
368348
368408
368468
368527
368585
368643
368698
368754
368809
368865
368922
368982
369044
369106
369166
369223
369283
369341
369401
369461
369519
369581
369641
369693
369751
369804
369861
369918
369976
370038
370100
370161
370218
370280
370338
370399
370458
370519
370578
370637
370694
370748
370807
370858
370917
370974
371035
371095
371159
371219
371279
371336
371396
371456
371516
371576
371634
371693
371748
371804
371858
371918
371974
372035
372095
372158
372218
372278
372335
372396
372456
372514
372576
372636
372694
372750
372805
372859
372918
372974
373033
373093
373156
373218
373275
373337
373393
373456
373513
373575
373635
373696
373753
373810
373862
373921
373977
374033
374094
374155
374218
374279
374339
374399
374458
374517
374577
374638
374698
374756
374812
374868
374921
374980
375036
375097
375156
375220
375279
375342
375397
375460
375517
375580
375639
375698
375757
375815
375873
375927
375984
376041
376098
376158
376222
376284
376344
376403
376463
376520
376581
376641
376701
376762
376822
376877
376930
376986
377041
377101
377161
377221
377285
377345
377405
377463
377525
377583
377644
377705
377765
377821
377880
377934
377991
378046
378103
378162
378225
378287
378346
378410
378467
378528
378583
378648
378707
378768
378828
378887
378938
378993
379049
379106
379168
379226
379290
379350
379412
379470
379532
379588
379651
379710
379772
379831
379891
379946
379999
380058
380111
380171
380230
380292
380356
380416
380474
380534
380594
380654
380714
380774
380836
380894
380950
381005
381061
381119
381176
381236
381296
381358
381420
381480
381539
381599
381658
381719
381778
381840
381898
381956
382012
382067
382121
382180
382237
382298
382359
382423
382485
382543
382604
382661
382723
382780
382845
382901
382963
383016
383075
383128
383184
383245
383303
383367
383428
383490
383549
383608
383668
383730
383790
383850
383910
383970
384027
384081
384135
384192
384250
384307
384369
384431
384493
384552
384612
384671
384733
384790
384852
384911
384971
385027
385080
385138
385194
385251
385309
385370
385433
385494
385554
385614
385673
385730
385792
385849
385911
385972
386028
386087
386143
386196
386255
386310
386372
386433
386495
386557
386615
386675
386732
386795
386855
386915
386972
387032
387090
387146
387199
387253
387314
387371
387434
387495
387557
387618
387677
387736
387798
387856
387915
387975
388037
388094
388149
388205
388258
388318
388375
388437
388497
388561
388618
388681
388739
388801
388858
388920
388978
389041
389099
389152
389209
389263
389322
389377
389440
389500
389561
389622
389683
389741
389803
389861
389922
389982
390041
390101
390156
390215
390267
390326
390383
390443
390503
390564
390626
390685
390746
390804
390864
390924
390986
391043
391104
391160
391219
391273
391329
391387
391445
391504
391565
391629
391688
391749
391808
391867
391927
391985
392045
392109
392164
392224
392278
392332
392391
392446
392507
392567
392630
392690
392752
392810
392870
392929
392989
393050
393110
393170
393227
393280
393337
393393
393448
393510
393570
393633
393693
393755
393813
393874
393933
393993
394053
394112
394173
394228
394286
394342
394399
394455
394512
394573
394636
394696
394757
394817
394875
394934
394993
395055
395113
395174
395232
395290
395344
395403
395459
395518
395575
395636
395698
395759
395819
395875
395937
395997
396056
396117
396180
396238
396296
396348
396408
396461
396516
396578
396636
396700
396762
396820
396880
396941
396998
397059
397119
397180
397240
397297
397351
397408
397464
397517
397578
397637
397700
397760
397822
397880
397940
397997
398060
398118
398179
398237
398296
398353
398408
398464
398520
398578
398635
398697
398757
398820
398878
398936
398995
399053
399116
399174
399235
399295
399352
399407
399464
399516
399575
399631
399691
399753
399814
399875
399933
399993
400050
400108
400169
400229
400288
400346
400402
400455
400511
400563
400622
400679
400740
400801
400859
400918
400979
401037
401092
401154
401212
401272
401330
401387
401443
401496
401551
401604
401661
401718
401782
401842
401902
401960
402017
402075
402136
402193
402254
402309
402372
402426
402478
402534
402589
402645
402701
402761
402819
402883
402941
402996
403055
403115
403175
403232
403290
403348
403411
403464
403520
403572
403626
403685
403740
403800
403862
403924
403979
404040
404097
404158
404214
404273
404332
404391
404450
404503
404559
404613
404670
404723
404784
404844
404903
404965
405024
405082
405138
405199
405257
405318
405374
405434
405491
405549
405600
405654
405711
405766
405828
405888
405951
406010
406069
406127
406186
406245
406301
406363
406422
406481
406537
406593
406646
406703
406756
406815
406875
406935
406998
407057
407117
407174
407232
407290
407352
407411
407470
407529
407584
407641
407693
407748
407805
407865
407925
407988
408046
408109
408166
408225
408282
408345
408403
408464
408522
408578
408632
408688
408744
408798
408859
408917
408981
409042
409103
409158
409217
409280
409337
409398
409458
409518
409574
409631
409685
409742
409797
409853
409913
409972
410034
410094
410155
410213
410270
410331
410391
410451
410510
410569
410627
410682
410735
410790
410846
410903
410964
411027
411087
411150
411205
411267
411325
411383
411442
411504
411566
411622
411679
411733
411788
411844
411903
411960
412022
412085
412144
412204
412262
412322
412381
412441
412501
412561
412620
412678
412731
412788
412840
412900
412958
413018
413081
413140
413202
413259
413320
413378
413439
413498
413559
413618
413677
413732
413783
413841
413896
413957
414014
414077
414138
414200
414257
414317
414376
414437
414496
414554
414617
414675
414731
414786
414841
414897
414954
415009
415073
415134
415195
415255
415313
415375
415431
415493
415551
415613
415669
415730
415786
415842
415896
415949
416007
416068
416129
416191
416253
416311
416371
416428
416490
416549
416609
416668
416728
416783
416838
416894
416947
417006
417063
417125
417186
417249
417307
417368
417423
417484
417542
417602
417662
417722
417780
417837
417893
417947
418004
418060
418121
418181
418243
418303
418360
418423
418480
418538
418599
418661
418719
418778
418834
418891
418944
418998
419057
419114
419177
419237
419301
419359
419420
419475
419538
419597
419658
419716
419778
419833
419890
419946
420000
420058
420113
420175
420235
420299
420356
420416
420473
420535
420594
420654
420713
420772
420830
420887
420946
420998
421053
421112
421172
421231
421293
421354
421412
421472
421532
421591
421651
421713
421771
421832
421887
421946
421997
422056
422112
422169
422230
422290
422354
422411
422474
422531
422591
422648
422711
422770
422830
422888
422944
423000
423054
423109
423167
423227
423287
423351
423411
423471
423529
423590
423649
423708
423768
423827
423888
423942
424001
424054
424113
424168
424225
424286
424349
424410
424472
424527
424588
424647
424707
424767
424825
424883
424943
424998
425055
425110
425166
425221
425282
425343
425407
425467
425527
425585
425645
425704
425765
425824
425885
425943
426001
426055
426108
426165
426222
426281
426342
426404
426465
426526
426584
426644
426702
426763
426823
426885
426944
426998
427057
427111
427168
427220
427281
427341
427403
427463
427526
427585
427643
427702
427760
427819
427881
427940
428000
428057
428112
428165
428220
428280
428338
428398
428461
428521
428582
428638
428700
428759
428819
428879
428940
428998
429055
429109
429166
429222
429278
429335
429395
429458
429520
429582
429639
429699
429758
429819
429877
429939
429999
430058
430113
430167
430222
430276
430336
430395
430457
430519
430580
430637
430698
430757
430815
430876
430936
430996
431055
431112
431168
431224
431276
431336
431393
431454
431515
431576
431637
431696
431755
431815
431874
431933
431995
432053
432113
432169
432224
432279
432336
432393
432450
432513
432574
432636
432693
432754
432814
432874
432933
432993
433051
433113
433167
433222
433278
433335
433392
433449
433511
433571
433635
433691
433754
433812
433872
433931
433992
434051
434109
434167
434224
434279
434334
434393
434450
434510
434571
434632
434694
434754
434811
434869
434930
434990
435052
435108
435170
435223
435281
435335
435391
435447
435504
435567
435626
435689
435745
435805
435863
435926
435986
436046
436104
436165
436221
436277
436333
436387
436443
436501
436562
436623
436686
436743
436805
436864
436923
436981
437043
437100
437161
437217
437274
437331
437385
437443
437499
437559
437619
437680
437740
437800
437860
437918
437978
438036
438098
438156
438217
438271
438329
438381
438440
438496
438552
438613
438673
438736
438796
438852
438913
438973
439032
439093
439152
439213
439270
439327
439381
439432
439492
439546
439607
439667
439730
439789
439848
439906
439968
440024
440083
440146
440204
440263
440320
440374
440431
440486
440539
440598
440658
440717
440780
440838
440898
440955
441015
441073
441134
441191
441252
441311
441367
441417
441472
441531
441583
441644
441701
441766
441826
441886
441944
442002
442060
442121
442177
442237
442298
442350
442408
442460
442515
442570
442629
442686
442747
442809
442869
442929
442986
443044
443103
443161
443220
443281
443338
443396
443448
443501
443557
443614
443670
443731
443794
443854
443913
443972
444030
444087
444147
444205
444265
444323
444380
444438
444490
444548
444600
444658
444718
444777
444838
444899
444959
445016
445075
445130
445193
445251
445312
445370
445429
445484
445537
445590
445645
445706
445763
445825
445886
445947
446005
446065
446120
446180
446240
446300
446361
446418
446476
446527
446585
446639
446696
446755
446813
446877
446936
446995
447055
447115
447172
447233
447292
447352
447411
447469
447525
447582
447635
447689
447748
447807
447868
447931
447992
448050
448109
448167
448227
448285
448346
448404
448463
448521
448573
448629
448683
448744
448800
448862
448921
448984
449042
449102
449157
449217
449276
449335
449397
449454
449512
449565
449621
449679
449733
449792
449849
449912
449972
450034
450091
450152
450211
450271
450332
450390
450450
450509
450565
450621
450674
450730
450789
450845
450908
450965
451031
451090
451150
451208
451268
451327
451387
451446
451505
451564
451618
451675
451730
451787
451841
451904
451966
452028
452088
452147
452206
452263
452325
452383
452445
452505
452565
452618
452677
452730
452788
452845
452902
452965
453024
453085
453146
453207
453264
453325
453383
453443
453505
453563
453621
453679
453733
453786
453846
453903
453965
454024
454089
454147
454209
454266
454327
454385
454448
454506
454567
454626
454681
454735
454789
454847
454906
454965
455026
455091
455152
455211
455268
455329
455389
455449
455509
455568
455629
455684
455743
455797
455854
455907
455969
456029
456094
456153
456213
456274
456331
456391
456451
456512
456572
456632
456689
456747
456800
456857
456913
456973
457031
457093
457155
457216
457277
457335
457395
457454
457517
457575
457636
457693
457751
457807
457862
457918
457974
458037
458096
458159
458220
458281
458339
458400
458458
458520
458579
458639
458698
458758
458808
458864
458924
458980
459039
459099
459162
459224
459282
459343
459403
459463
459523
459583
459643
459704
459762
459816
459871
459927
459982
460044
460104
460166
460228
460289
460347
460409
460467
460526
460587
460645
460708
460767
460823
460878
460934
460989
461047
461104
461169
461228
461289
461350
461408
461468
461526
461589
461648
461709
461767
461825
461879
461937
461991
462048
462107
462166
462230
462291
462353
462410
462469
462528
462592
462647
462711
462770
462830
462882
462940
462995
463050
463109
463169
463231
463294
463354
463412
463472
463531
463593
463650
463714
463773
463833
463888
463943
464000
464054
464112
464172
464233
464295
464356
464416
464475
464534
464592
464653
464713
464774
464833
464891
464944
465003
465056
465115
465172
465235
465294
465358
465419
465477
465537
465594
465654
465714
465775
465832
465894
465948
466006
466059
466115
466172
466231
466293
466354
466414
466473
466533
466592
466654
466711
466774
466830
466892
466947
467005
467058
467114
467173
467231
467293
467355
467417
467477
467537
467595
467655
467714
467776
467835
467897
467954
468005
468063
468117
468175
468234
468295
468358
468419
468480
468538
468598
468657
468718
468778
468838
468897
468957
469010
469070
469122
469181
469236
469298
469359
469422
469483
469543
469601
469661
469721
469779
469841
469901
469961
470019
470072
470129
470185
470242
470301
470362
470425
470485
470545
470604
470665
470726
470786
470845
470903
470966
471024
471078
471133
471191
471248
471304
471366
471426
471490
471549
471609
471669
471730
471787
471849
471909
471970
472027
472085
472138
472196
472250
472306
472370
472430
472493
472554
472615
472672
472732
472790
472853
472913
472973
473033
473088
473144
473200
473257
473313
473374
473430
473496
473557
473620
473678
473737
473794
473857
473915
473975
474037
474092
474151
474205
474260
474316
474377
474435
474499
474560
474622
474678
474737
474799
474857
474918
474977
475040
475099
475154
475207
475263
475321
475380
475438
475499
475561
475622
475683
475740
475803
475861
475922
475982
476045
476099
476159
476212
476268
476326
476382
476440
476501
476564
476623
476688
476746
476804
476864
476926
476984
477047
477106
477164
477220
477275
477329
477387
477444
477504
477566
477625
477691
477749
477808
477867
477929
477988
478048
478106
478167
478224
478277
478334
478391
478450
478507
478569
478628
478694
478753
478811
478869
478930
478991
479051
479111
479170
479227
479284
479339
479397
479454
479509
479573
479632
479696
479757
479815
479877
479935
479995
480055
480116
480174
480232
480289
480345
480397
480454
480512
480572
480635
480693
480755
480817
480877
480934
480995
481054
481115
481175
481234
481290
481344
481399
481454
481513
481572
481634
481694
481757
481817
481876
481934
481995
482055
482114
482174
482232
482290
482346
482401
482455
482514
482571
482632
482694
482756
482815
482874
482934
482992
483053
483112
483172
483233
483290
483346
483402
483457
483515
483571
483630
483691
483753
483815
483873
483935
483989
484052
484111
484173
484229
484289
484345
484404
484458
484511
484570
484627
484688
484750
484809
484870
484932
484988
485048
485108
485169
485227
485287
485345
485400
485456
485510
485567
485622
485684
485746
485808
485868
485927
485984
486043
486104
486160
486224
486282
486342
486396
486452
486507
486564
486617
486673
486737
486798
486859
486917
486976
487035
487094
487150
487213
487271
487331
487389
487442
487499
487552
487609
487665
487721
487782
487846
487905
487963
488020
488077
488139
488196
488255
488314
488373
488428
488485
488539
488594
488648
488703
488765
488824
488884
488945
489004
489062
489119
489177
489237
489297
489356
489413
489469
489522
489575
489631
489686
489744
489801
489863
489923
489981
490041
490097
490154
490213
490274
490332
490393
490449
490504
490558
490610
490666
490723
490781
490839
490904
490962
491023
491079
491138
491197
491254
491312
491371
491429
491485
491544
491595
491652
491705
491764
491818
491880
491940
492002
492061
492116
492177
492235
492294
492353
492414
492470
492528
492581
492635
492693
492745
492803
492862
492926
492982
493045
493103
493163
493221
493279
493337
493397
493456
493515
493572
493626
493679
493733
493790
493850
493909
493971
494032
494093
494150
494210
494267
494328
494385
494445
494505
494563
494616
494670
494726
494782
494838
494896
494961
495021
495082
495140
495201
495258
495317
495375
495436
495497
495554
495612
495666
495723
495776
495833
495890
495952
496014
496074
496134
496192
496251
496310
496372
496428
496489
496546
496609
496663
496718
496772
496829
496886
496944
497005
497067
497129
497185
497245
497304
497366
497424
497486
497543
497605
497658
497713
497769
497826
497883
497938
498000
498064
498125
498182
498245
498303
498361
498422
498478
498542
498600
498659
498713
498771
498824
498883
498938
498998
499060
499120
499183
499241
499299
499360
499420
499480
499540
499598
499658
499713
499771
499822
499880
499938
499995
500057
500118
500179
500239
500299
500357
500419
500476
500537
500597
500659
500716
500769
500824
500882
500937
500992
501056
501117
501180
501237
501299
501359
501418
501477
501534
501598
501656
501714
501770
501827
501883
501938
501994
502056
502117
502179
502239
502301
502359
502416
502477
502534
502597
502657
502717
502772
502829
502882
502939
502994
503053
503115
503175
503236
503297
503357
503414
503476
503535
503596
503656
503716
503775
503831
503884
503938
503998
504053
504114
504175
504238
504297
504359
504417
504477
504536
504596
504656
504716
504774
504830
504886
504940
504999
505055
505115
505173
505237
505299
505359
505420
505478
505537
505598
505658
505717
505777
505833
505889
505946
506000
506058
506116
506176
506237
506300
506360
506420
506475
506537
506595
506658
506718
506779
506835
506894
506948
507004
507060
507117
507175
507237
507300
507361
507420
507479
507540
507599
507660
507717
507780
507840
507896
507949
508007
508063
508117
508179
508239
508302
508362
508424
508482
508542
508601
508662
508723
508783
508842
508897
508957
509011
509068
509123
509182
509240
509304
509364
509427
509484
509545
509604
509664
509724
509784
509844
509901
509960
510015
510069
510126
510185
510243
510306
510367
510428
510489
510544
510606
510666
510728
510785
510847
510906
510963
511020
511076
511130
511187
511246
511307
511370
511432
511492
511551
511611
511670
511731
511788
511851
511909
511970
512023
512078
512134
512191
512247
512308
512370
512432
512492
512551
512611
512668
512729
512788
512849
512908
512966
513022
513076
513135
513185
513244
513302
513364
513424
513487
513547
513604
513661
513721
513781
513840
513901
513959
514019
514073
514128
514182
514241
514298
514353
514420
514480
514542
514598
514659
514716
514779
514839
514899
514956
515019
515071
515128
515184
515239
515298
515354
515416
515478
515540
515599
515659
515717
515777
515837
515897
515957
516017
516073
516128
516184
516236
516296
516354
516414
516474
516537
516597
516657
516714
516774
516834
516893
516954
517014
517072
517127
517180
517238
517293
517352
517409
517470
517531
517593
517651
517712
517768
517831
517886
517947
518008
518070
518122
518181
518236
518291
518346
518403
518466
518527
518587
518647
518707
518762
518824
518882
518944
519003
519064
519121
519175
519231
519284
519342
519398
519460
519519
519582
519642
519703
519761
519819
519878
519937
519997
520056
520116
520171
520226
520281
520340
520396
520452
520513
520573
520635
520695
520753
520813
520871
520929
520992
521050
521112
521168
521226
521280
521332
521391
521444
521507
521567
521629
521689
521749
521807
521867
521925
521985
522045
522107
522164
522220
522275
522327
522386
522439
522500
522558
522620
522681
522741
522800
522856
522917
522975
523032
523094
523156
523210
523268
523322
523376
523432
523488
523545
523606
523668
523724
523787
523845
523902
523962
524021
524079
524140
524195
524253
524307
524363
524415
524473
524531
524587
524648
524709
524771
524827
524884
524943
525001
525060
525117
525178
525236
525294
525344
525398
525454
525508
525568
525626
525689
525749
525808
525866
525924
525983
526041
526099
526156
526218
526274
526331
526386
526438
526495
526552
526610
526667
526731
526790
526850
526907
526967
527025
527085
527140
527203
527261
527319
527371
527426
527483
527537
527593
527653
527715
527775
527836
527894
527953
528013
528069
528128
528188
528248
528303
528363
528414
528472
528524
528583
528639
528698
528760
528821
528879
528939
528998
529056
529116
529174
529233
529294
529352
529408
529459
529518
529572
529630
529687
529747
529809
529872
529930
529987
530047
530107
530164
530223
530285
530343
530400
530455
530511
530565
530622
530678
530741
530801
530861
530922
530980
531041
531098
531158
531217
531277
531335
531396
531452
531508
531562
531616
531673
531732
531794
531854
531916
531974
532035
532093
532154
532212
532272
532332
532392
532448
532504
532560
532613
532672
532726
532789
532850
532912
532971
533031
533089
533149
533205
533266
533326
533387
533445
533502
533557
533612
533668
533726
533784
533846
533905
533968
534027
534088
534146
534205
534262
534325
534384
534446
534500
534558
534612
534665
534724
534782
534843
534904
534966
535027
535086
535143
535204
535264
535326
535384
535446
535501
535558
535612
535667
535726
535780
535840
535904
535967
536027
536086
536145
536205
536265
536321
536385
536445
536505
536558
536617
536670
536729
536783
536843
536905
536967
537026
537087
537146
537205
537265
537325
537386
537446
537505
537563
537620
537675
537730
537785
537841
537905
537965
538027
538087
538147
538204
538267
538325
538385
538444
538506
538565
538622
538675
538729
538788
538844
538903
538964
539027
539088
539147
539206
539267
539325
539386
539446
539506
539563
539620
539674
539728
539786
539841
539902
539962
540027
540086
540147
540203
540267
540324
540383
540445
540504
540566
540621
540680
540733
540792
540844
540904
540964
541027
541087
541147
541206
541267
541327
541385
541447
541505
541564
541622
541680
541737
541792
541846
541902
541964
542023
542087
542147
542209
542268
542328
542387
542447
542506
542568
542627
542687
542739
542793
542850
542907
542966
543025
543088
543150
543212
543270
543330
543389
543450
543506
543570
543629
543689
543743
543799
543854
543910
543970
544026
544091
544150
544214
544271
544333
544392
544450
544513
544571
544631
544689
544748
544802
544857
544909
544970
545027
545088
545150
545212
545272
545330
545388
545448
545511
545569
545630
545687
545748
545803
545858
545914
545970
546028
546087
546150
546211
546273
546329
546389
546451
546511
546567
546632
546690
546751
546805
546864
546915
546972
547029
547088
547151
547213
547275
547334
547394
547454
547513
547572
547634
547694
547754
547809
547864
547922
547975
548033
548092
548154
548216
548279
548337
548398
548457
548516
548575
548635
548696
548755
548815
548871
548926
548981
549039
549094
549155
549217
549280
549340
549400
549457
549516
549578
549637
549698
549758
549819
549875
549929
549984
550043
550100
550156
550219
550280
550344
550403
550463
550521
550583
550642
550701
550761
550823
550881
550935
550990
551044
551101
551161
551223
551283
551347
551406
551467
551525
551586
551645
551706
551765
551827
551885
551941
551994
552052
552109
552164
552224
552288
552349
552410
552471
552529
552588
552648
552710
552768
552830
552888
552945
553001
553056
553113
553169
553229
553288
553352
553413
553474
553532
553591
553651
553709
553771
553830
553892
553950
554005
554059
554115
554171
554227
554291
554354
554414
554472
554535
554594
554654
554713
554774
554832
554895
554954
555008
555063
555122
555178
555234
555291
555356
555418
555478
555537
555598
555658
555716
555779
555837
555900
555957
556015
556067
556125
556181
556238
556297
556358
556419
556480
556542
556600
556660
556720
556781
556839
556901
556957
557017
557073
557128
557183
557240
557300
557358
557420
557482
557545
557600
557662
557719
557781
557841
557900
557963
558018
558078
558130
558188
558242
558302
558358
558422
558483
558545
558604
558661
558723
558781
558843
558903
558962
559022
559078
559135
559192
559246
559300
559362
559419
559484
559543
559606
559664
559726
559782
559844
559904
559965
560021
560084
560135
560194
560248
560304
560363
560423
560482
560544
560603
560664
560724
560779
560843
560902
560963
561021
561080
561137
561191
561246
561301
561359
561418
561481
561542
561604
561664
561721
561782
561840
561900
561959
562020
562080
562138
562190
562247
562301
562359
562415
562476
562538
562599
562658
562718
562778
562837
562897
562955
563015
563075
563134
563188
563247
563300
563354
563413
563469
563531
563590
563652
563710
563771
563828
563888
563943
564005
564063
564121
564181
564234
564288
564342
564399
564454
564514
564575
564635
564697
564752
564813
564871
564931
564988
565048
565106
565166
565219
565273
565329
565380
565437
565494
565554
565614
565676
565734
565792
565850
565905
565966
566024
566083
566142
566199
566255
566308
566361
566415
566472
566526
566590
566650
566710
566767
566827
566883
566942
566998
567061
567118
567175
567234
567289
567343
567394
567450
567508
567566
567625
567686
567746
567804
567860
567919
567979
568035
568098
568156
568213
568272
568327
568379
568433
568490
568543
568604
568664
568727
568785
568845
568902
568960
569019
569077
569137
569196
569255
569311
569367
569422
569475
569531
569587
569648
569709
569770
569830
569890
569945
570006
570063
570126
570183
570242
570302
570357
570410
570465
570521
570578
570637
570696
570760
570820
570880
570938
570996
571056
571114
571174
571232
571293
571348
571405
571459
571518
571572
571630
571689
571749
571812
571871
571931
571990
572046
572107
572169
572228
572288
572345
572404
572458
572513
572567
572623
572685
572744
572807
572868
572928
572985
573046
573103
573166
573222
573286
573344
573400
573456
573509
573566
573625
573682
573740
573804
573865
573926
573985
574044
574104
574162
574222
574282
574341
574398
574457
574511
574567
574621
574682
574740
574801
574860
574921
574984
575042
575104
575159
575222
575282
575342
575400
575460
575513
575570
575623
575681
575741
575798
575862
575923
575985
576043
576104
576159
576219
576280
576342
576399
576460
576516
576569
576625
576681
576739
576797
576859
576921
576983
577040
577100
577158
577220
577278
577336
577399
577458
577512
577570
577625
577680
577738
577794
577857
577918
577980
578041
578098
578159
578215
578278
578337
578396
578455
578515
578571
578628
578682
578738
578796
578854
578918
578978
579040
579098
579159
579215
579275
579336
579394
579456
579516
579570
579627
579680
579737
579796
579853
579916
579976
580039
580098
580158
580217
580277
580333
580394
580454
580513
580573
580625
580682
580736
580793
580852
580912
580972
581038
581093
581158
581216
581275
581334
581391
581454
581512
581572
581627
581684
581738
581794
581852
581912
581974
582034
582096
582155
582215
582271
582334
582391
582455
582512
582574
582629
582687
582742
582798
582854
582912
582973
583036
583098
583157
583216
583276
583336
583395
583457
583513
583578
583634
583691
583743
583798
583857
583914
583975
584037
584099
584161
584220
584278
584338
584396
584456
584518
584575
584637
584690
584749
584804
584860
584914
584974
585035
585101
585160
585221
585278
585341
585399
585459
585518
585580
585639
585694
585750
585808
585862
585918
585979
586040
586100
586162
586221
586283
586341
586401
586458
586521
586577
586641
586699
586757
586811
586867
586923
586979
587039
587101
587165
587224
587285
587343
587402
587461
587524
587583
587643
587703
587762
587815
587869
587925
587983
588044
588104
588166
588228
588288
588345
588407
588466
588527
588586
588648
588706
588762
588819
588873
588931
588988
589046
589106
589168
589229
589291
589350
589410
589468
589527
589587
589648
589708
589766
589823
589878
589932
589989
590047
590106
590168
590229
590289
590348
590409
590468
590527
590589
590647
590709
590766
590826
590881
590937
590990
591050
591107
591168
591232
591292
591354
591412
591472
591531
591593
591650
591713
591770
591831
591883
591943
591996
592054
592111
592171
592233
592295
592357
592415
592474
592533
592593
592653
592715
592774
592831
592889
592942
593000
593055
593113
593171
593235
593294
593357
593417
593478
593532
593595
593652
593714
593772
593834
593891
593945
594001
594058
594116
594172
594234
594294
594356
594418
594476
594535
594594
594656
594714
594776
594834
594894
594948
595004
595060
595113
595174
595232
595294
595356
595418
595476
595534
595592
595655
595714
595776
595832
595895
595950
596003
596060
596115
596173
596232
596293
596355
596416
596475
596535
596593
596654
596712
596773
596833
596891
596948
597004
597061
597113
597173
597228
597291
597351
597414
597475
597535
597592
597650
597711
597770
597831
597888
597952
598005
598061
598115
598172
598230
598286
598350
598410
598473
598530
598590
598647
598708
598767
598827
598888
598947
599001
599059
599115
599166
599225
599280
599342
599404
599462
599523
599582
599639
599700
599760
599816
599878
599936
599993
600049
600106
600158
600215
600273
600331
600390
600451
600510
600568
600628
600685
600746
600805
600864
600923
600983
601038
601095
601149
601203
601260
601315
601375
601436
601498
601556
601616
601671
601733
601788
601850
601908
601966
602026
602081
602138
602192
602248
602302
602359
602420
602479
602542
602600
602660
602716
602776
602835
602896
602951
603011
603071
603127
603179
603232
603290
603346
603405
603465
603528
603588
603647
603705
603764
603822
603881
603940
603999
604061
604116
604171
604226
604283
604336
604395
604452
604515
604576
604635
604694
604753
604810
604868
604930
604989
605051
605107
605165
605219
605272
605329
605386
605445
605503
605565
605627
605688
605745
605804
605861
605924
605981
606042
606102
606158
606213
606267
606324
606381
606437
606497
606561
606620
606683
606741
606796
606859
606917
606978
607036
607098
607156
607213
607267
607325
607377
607435
607495
607554
607617
607677
607739
607798
607857
607914
607978
608036
608097
608155
608214
608267
608321
608377
608433
608491
608552
608614
608675
608735
608793
608855
608912
608974
609034
609094
609154
609211
609269
609321
609378
609435
609493
609549
609613
609675
609737
609795
609855
609913
609973
610034
610093
610155
610213
610271
610324
610381
610438
610495
610552
610614
610677
610736
610798
610854
610914
610974
611034
611095
611157
611216
611275
611327
611387
611438
611494
611556
611614
611676
611738
611798
611859
611919
611978
612039
612099
612160
612219
612279
612334
612392
612444
612502
612559
612619
612680
612742
612803
612862
612922
612980
613043
613103
613163
613223
613285
613339
613395
613451
613505
613566
613622
613685
613746
613809
613869
613929
613989
614050
614110
614170
614230
614291
614349
614405
614460
614515
614573
614628
614690
614752
614815
614874
614934
614994
615052
615112
615171
615233
615292
615350
615408
615465
615520
615575
615633
615693
615753
615816
615877
615937
615995
616055
616116
616175
616237
616295
616356
616412
616468
616523
616580
616635
616693
616757
616817
616880
616940
617000
617060
617120
617178
617238
617299
617358
617418
617476
617529
617582
617642
617696
617759
617820
617883
617944
618003
618061
618120
618181
618241
618301
618361
618421
618475
618530
618587
618645
618700
618761
618821
618885
618944
619006
619064
619125
619181
619243
619305
619365
619424
619481
619536
619592
619647
619705
619765
619823
619886
619948
620010
620069
620126
620186
620246
620307
620367
620428
620483
620542
620598
620654
620711
620769
620828
620885
620952
621012
621072
621130
621192
621247
621309
621370
621430
621488
621547
621602
621656
621712
621769
621828
621889
621953
622014
622073
622132
622192
622251
622311
622373
622436
622494
622552
622607
622660
622717
622772
622833
622893
622957
623017
623079
623138
623200
623256
623317
623378
623438
623498
623556
623611
623668
623725
623780
623837
623899
623961
624022
624085
624142
624205
624262
624323
624380
624444
624502
624561
624618
624675
624729
624784
624844
624902
624963
625026
625088
625149
625203
625263
625322
625385
625444
625505
625564
625621
625675
625732
625787
625847
625904
625965
626028
626088
626151
626208
626268
626326
626389
626448
626509
626568
626628
626681
626739
626793
626851
626909
626968
627031
627094
627152
627213
627275
627332
627393
627452
627513
627572
627633
627689
627742
627801
627854
627913
627972
628035
628097
628157
628218
628276
628337
628397
628457
628519
628578
628637
628694
628749
628804
628860
628920
628976
629040
629099
629164
629224
629284
629343
629402
629462
629520
629580
629640
629700
629756
629809
629865
629925
629981
630042
630103
630167
630227
630285
630346
630404
630464
630521
630584
630642
630703
630758
630814
630870
630929
630985
631045
631106
631170
631232
631290
631350
631408
631470
631530
631588
631648
631709
631766
631823
631876
631933
631991
632050
632112
632174
632235
632296
632356
632415
632476
632534
632597
632658
632716
632774
632833
632886
632942
633001
633056
633119
633179
633243
633303
633364
633423
633484
633544
633605
633665
633726
633782
633838
633893
633948
634007
634062
634124
634183
634247
634309
634370
634427
634489
634548
634610
634668
634730
634787
634843
634899
634957
635012
635071
635130
635191
635255
635315
635377
635435
635495
635553
635616
635675
635737
635796
635853
635910
635963
636022
636079
636135
636197
636261
636322
636382
636443
636502
636561
636620
636680
636739
636804
636858
636916
636972
637028
637082
637144
637202
637263
637326
637389
637448
637506
637567
637624
637687
637744
637809
637867
637922
637976
638036
638091
638148
638208
638268
638331
638392
638453
638511
638572
638631
638693
638752
638814
638872
638930
638986
639041
639098
639152
639213
639274
639337
639397
639459
639518
639577
639635
639700
639759
639822
639878
639939
639995
640049
640104
640162
640217
640278
640340
640402
640463
640521
640581
640639
640701
640759
640819
640879
640937
640993
641047
641105
641160
641216
641276
641338
641400
641461
641520
641579
641638
641696
641756
641818
641877
641935
641993
642047
642106
642158
642217
642275
642334
642396
642457
642519
642577
642636
642696
642756
642815
642873
642935
642994
643048
643104
643157
643213
643272
643328
643393
643453
643515
643573
643633
643690
643752
643807
643871
643928
643989
644045
644099
644155
644211
644267
644323
644386
644447
644508
644568
644623
644685
644743
644803
644862
644922
644981
645038
645095
645151
645202
645258
645317
645373
645434
645494
645553
645614
645671
645730
645790
645848
645907
645966
646024
646082
646134
646189
646243
646298
646354
646416
646475
646532
646593
646651
646708
646767
646824
646881
646942
647003
647060
647114
647170
647221
647275
647334
647390
647448
647508
647570
647628
647687
647743
647802
647860
647916
647977
648035
648094
648146
648203
648254
648310
648365
648421
648481
648541
648603
648660
648721
648777
648834
648891
648954
649011
649069
649128
649181
649238
649289
649345
649402
649460
649518
649582
649642
649697
649758
649814
649876
649931
649993
650052
650110
650167
650224
650275
650330
650385
650441
650502
650562
650623
650683
650743
650801
650859
650917
650977
651035
651094
651155
651209
651266
651319
651376
651429
651489
651548
651608
651670
651729
651787
651846
651906
651962
652022
652079
652142
652200
652255
652309
652364
652420
652476
652536
652593
652659
652718
652780
652835
652897
652954
653016
653072
653134
653191
653249
653306
653360
653414
653469
653529
653590
653651
653712
653774
653830
653888
653950
654008
654068
654128
654188
654246
654303
654357
654414
654467
654525
654584
654646
654705
654768
654829
654887
654947
655005
655066
655125
655188
655244
655304
655357
655412
655468
655523
655583
655644
655706
655765
655827
655886
655944
656004
656063
656123
656185
656242
656300
656356
656409
656466
656520
656581
656638
656700
656762
656822
656882
656940
656999
657059
657118
657179
657240
657297
657355
657411
657466
657522
657578
657633
657693
657758
657818
657879
657936
657995
658056
658117
658175
658236
658295
658356
658410
658465
658521
658574
658632
658693
658755
658817
658878
658935
658998
659056
659116
659176
659237
659296
659355
659410
659464
659523
659577
659634
659693
659756
659813
659878
659937
659998
660056
660115
660174
660234
660295
660355
660412
660469
660525
660578
660636
660694
660754
660816
660880
660938
660994
661057
661115
661176
661235
661297
661356
661414
661469
661528
661583
661638
661693
661751
661816
661878
661940
661999
662060
662116
662176
662235
662297
662354
662416
662473
662526
662583
662636
662694
662753
662815
662874
662938
662998
663059
663117
663177
663236
663297
663356
663417
663475
663527
663586
663638
663697
663755
663816
663877
663940
663999
664061
664119
664178
664239
664297
664356
664418
664478
664535
664589
664643
664702
664759
664818
664880
664942
665003
665062
665122
665180
665242
665301
665362
665419
665482
665536
665596
665649
665706
665760
665819
665881
665942
666003
666064
666124
666181
666244
666301
666363
666420
666483
666540
666598
666650
666704
666764
666820
666880
666940
667003
667063
667125
667184
667243
667302
667364
667422
667484
667541
667599
667656
667708
667764
667823
667882
667942
668005
668066
668127
668183
668244
668304
668364
668425
668483
668545
668603
668658
668711
668768
668825
668882
668941
669005
669067
669127
669187
669245
669307
669364
669425
669485
669547
669604
669661
669715
669772
669828
669883
669946
670006
670067
670129
670190
670247
670309
670367
670429
670489
670550
670608
670665
670720
670776
670832
670889
670949
671008
671072
671132
671194
671254
671313
671372
671432
671492
671554
671612
671671
671728
671782
671837
671893
671954
672012
672076
672136
672199
672254
672317
672377
672436
672495
672555
672615
672675
672729
672786
672841
672898
672955
673013
673077
673138
673200
673258
673317
673379
673433
673495
673556
673618
673676
673733
673788
673846
673901
673960
674015
674076
674139
674200
674261
674320
674379
674439
674498
674559
674621
674677
674737
674792
674851
674903
674962
675020
675078
675142
675203
675265
675324
675383
675443
675503
675563
675623
675683
675743
675799
675853
675908
675965
676025
676081
676144
676204
676267
676323
676386
676441
676504
676563
676624
676684
676742
676799
676854
676913
676967
677024
677079
677143
677203
677267
677326
677385
677446
677503
677565
677623
677686
677743
677802
677859
677915
677968
678027
678085
678143
678204
678263
678329
678388
678446
678506
678566
678625
678684
678744
678805
678860
678917
678970
679028
679084
679142
679205
679264
679329
679385
679448
679506
679566
679626
679686
679743
679806
679863
679916
679972
680030
680088
680143
680203
680265
680328
680386
680448
680508
680566
680626
680685
680745
680806
680865
680920
680977
681031
681086
681143
681204
681265
681326
681385
681446
681506
681564
681624
681684
681744
681803
681865
681921
681977
682032
682087
682142
682201
682262
682323
682385
682444
682503
682562
682623
682682
682740
682801
682862
682921
682976
683030
683084
683142
683197
683258
683320
683383
683442
683502
683559
683622
683680
683740
683800
683858
683916
683976
684031
684086
684141
684198
684256
684316
684378
684436
684498
684557
684615
684676
684735
684793
684855
684915
684972
685028
685082
685139
685192
685250
685309
685369
685433
685492
685551
685610
685668
685728
685788
685848
685908
685966
686019
686075
686130
686187
686242
686299
686357
686424
686482
686543
686599
686661
686717
686776
686836
686896
686955
687012
687068
687123
687176
687233
687290
687348
687407
687470
687529
687590
687647
687707
687765
687823
687881
687942
687998
688058
688110
688164
688220
688276
688334
688393
688457
688513
688574
688632
688693
688747
688806
688868
688926
688985
689042
689098
689154
689210
689262
689321
689378
689437
689499
689560
689619
689680
689735
689795
689855
689915
689975
690030
690091
690147
690199
690254
690311
690369
690425
690488
690549
690612
690668
690727
690787
690845
690904
690963
691024
691082
691138
691193
691249
691304
691362
691417
691479
691542
691601
691661
691719
691779
691836
691897
691957
692017
692075
692133
692188
692245
692297
692352
692410
692470
692532
692594
692654
692713
692772
692830
692889
692950
693008
693070
693128
693186
693240
693295
693349
693408
693464
693524
693586
693650
693707
693768
693826
693884
693945
694003
694062
694123
694178
694235
694292
694346
694401
694460
694516
694580
694640
694700
694761
694821
694877
694939
694999
695060
695119
695178
695235
695291
695344
695399
695457
695516
695577
695638
695701
695760
695820
695878
695938
695999
696060
696117
696180
696235
696289
696345
696402
696458
696513
696576
696637
696700
696760
696819
696878
696938
696996
697055
697115
697176
697236
697290
697349
697403
697460
697514
697575
697636
697698
697760
697819
697879
697937
697997
698056
698116
698178
698238
698294
698350
698406
698462
698518
698573
698636
698697
698760
698820
698882
698938
698999
699058
699119
699178
699239
699296
699355
699408
699462
699521
699577
699638
699698
699763
699820
699882
699941
700002
700061
700122
700181
700242
700301
700358
700415
700469
700524
700580
700640
700702
700765
700826
700887
700945
701007
701065
701125
701186
701245
701307
701364
701420
701474
701532
701586
701647
701707
701770
701831
701892
701951
702010
702071
702130
702191
702252
702311
702368
702428
702483
702539
702593
702654
702712
702772
702837
702896
702957
703017
703076
703135
703199
703257
703315
703375
703432
703489
703545
703598
703658
703716
703777
703841
703902
703964
704022
704081
704140
704202
704261
704323
704381
704440
704494
704549
704607
704663
704722
704781
704846
704907
704967
705026
705086
705143
705206
705263
705326
705386
705447
705500
705555
705611
705667
705727
705786
705848
705911
705973
706028
706092
706150
706209
706268
706329
706391
706446
706507
706560
706618
706673
706730
706789
706852
706913
706976
707035
707094
707151
707211
707272
707333
707394
707452
707512
707567
707621
707678
707735
707793
707852
707916
707977
708040
708098
708158
708216
708278
708336
708398
708458
708518
708570
708628
708684
708737
708798
708856
708918
708979
709042
709100
709160
709219
709280
709339
709400
709460
709520
709574
709629
709685
709742
709798
709858
709922
709983
710045
710104
710165
710223
710283
710342
710404
710464
710523
710579
710635
710693
710748
710803
710862
710925
710986
711048
711108
711169
711226
711288
711345
711407
711469
711525
711588
711642
711697
711752
711811
711869
711929
711991
712055
712115
712173
712231
712288
712348
712409
712471
712528
712591
712646
712702
712756
712815
712872
712929
712992
713053
713117
713175
713235
713294
713356
713412
713476
713536
713596
713654
713710
713763
713821
713875
713934
713998
714058
714120
714181
714240
714299
714361
714418
714478
714541
714601
714658
714717
714770
714828
714885
714942
715002
715064
715127
715188
715245
715307
715365
715426
715488
715548
715608
715668
715722
715780
715835
715890
715950
716010
716071
716134
716194
716256
716312
716376
716434
716495
716555
716615
716675
716730
716790
716843
716899
716956
717016
717075
717138
717199
717261
717319
717379
717439
717497
717558
717618
717679
717737
717791
717848
717902
717959
718018
718076
718139
718202
718261
718322
718379
718442
718499
718559
718622
718682
718740
718796
718852
718908
718964
719022
719082
719142
719205
719263
719326
719386
719445
719505
719566
719626
719688
719744
719804
719857
719914
719969
720026
720086
720146
720208
720269
720331
720391
720450
720508
720569
720629
720690
720750
720808
720863
720915
720974
721030
721089
721145
721210
721272
721334
721391
721453
721509
721571
721629
721691
721751
721810
721866
721920
721979
722034
722093
722150
722215
722271
722332
722391
722447
722508
722568
722630
722689
722749
722810
722869
722921
722979
723032
723091
723150
723210
723274
723334
723396
723454
723514
723573
723634
723693
723755
723813
723873
723926
723987
724038
724095
724154
724214
724276
724337
724399
724457
724517
724574
724636
724697
724758
724817
724878
724934
724988
725043
725099
725159
725216
725278
725340
725402
725459
725522
725578
725641
725700
725760
725821
725880
725938
725991
726050
726104
726163
726220
726282
726342
726407
726464
726526
726584
726642
726701
726762
726824
726884
726944
726997
727056
727111
727168
727224
727284
727346
727407
727470
727528
727588
727644
727708
727766
727829
727886
727947
728004
728058
728114
728170
728228
728284
728347
728408
728471
728530
728589
728649
728709
728768
728829
728889
728949
729007
729062
729116
729173
729232
729287
729349
729410
729473
729533
729593
729652
729713
729771
729831
729891
729953
730011
730064
730122
730177
730234
730291
730351
730412
730475
730535
730596
730653
730715
730773
730832
730893
730954
731013
731068
731124
731180
731237
731294
731354
731414
731476
731536
731597
731656
731715
731776
731834
731896
731954
732016
732074
732128
732184
732240
732296
732354
732414
732474
732539
732599
732659
732717
732778
732837
732898
732955
733018
733074
733133
733186
733240
733298
733354
733415
733477
733539
733600
733659
733718
733779
733836
733898
733957
734019
734078
734134
734187
734244
734301
734355
734414
734476
734539
734598
734659
734719
734777
734837
734895
734957
735015
735073
735131
735187
735242
735297
735354
735412
735471
735530
735592
735653
735714
735771
735831
735889
735951
736009
736069
736125
736186
736239
736292
736347
736405
736462
736521
736584
736644
736704
736761
736822
736880
736939
736997
737057
737117
737173
737229
737284
737340
737393
737450
737508
737570
737629
737688
737747
737806
737865
737921
737981
738039
738098
738155
738215
738269
738321
738376
738430
738489
738546
738609
738669
738729
738786
738845
738903
738961
739020
739078
739138
739195
739254
739305
739361
739416
739471
739527
739587
739648
739708
739767
739826
739886
739942
740002
740060
740121
740175
740236
740289
740344
740397
740451
740510
740567
740628
740688
740751
740807
740868
740926
740984
741043
741102
741162
741220
741279
741332
741387
741442
741495
741553
741614
741676
741736
741798
741853
741914
741972
742032
742091
742150
742210
742271
742324
742379
742434
742488
742547
742603
742665
742725
742786
742845
742906
742962
743022
743080
743139
743200
743258
743317
743370
743429
743481
743538
743593
743652
743713
743776
743838
743896
743956
744014
744072
744134
744194
744252
744311
744366
744422
744479
744531
744588
744648
744708
744769
744832
744891
744952
745009
745069
745128
745189
745246
745308
745364
745420
745476
745530
745589
745646
745705
745766
745829
745889
745948
746005
746065
746124
746183
746245
746305
746365
746421
746476
746530
746588
746644
746700
746763
746825
746887
746945
747006
747062
747125
747183
747245
747305
747365
747420
747478
747534
747588
747645
747700
747763
747824
747885
747945
748004
748064
748123
748180
748244
748303
748363
748423
748476
748535
748589
748644
748704
748763
748822
748885
748947
749007
749065
749125
749182
749243
749304
749363
749423
749480
749535
749593
749649
749705
749763
749823
749886
749949
750007
750067
750127
750187
750244
750304
750365
750428
750484
750540
750594
750654
750706
750763
750826
750886
750950
751010
751070
751130
751190
751248
751307
751369
751429
751488
751546
751600
751658
751713
751769
751830
751888
751952
752013
752074
752134
752191
752250
752312
752370
752434
752492
752550
752605
752659
752715
752772
752831
752890
752954
753014
753075
753135
753196
753253
753315
753375
753434
753495
753552
753611
753665
753720
753777
753834
753892
753957
754019
754082
754139
754199
754260
754316
754379
754435
754500
754558
754616
754669
754727
754783
754840
754896
754957
755021
755080
755140
755199
755262
755319
755382
755437
755502
755558
755619
755673
755731
755786
755842
755900
755962
756022
756084
756146
756205
756265
756324
756385
756443
756506
756564
756625
756681
756735
756790
756847
756904
756965
757026
757089
757152
757210
757270
757328
757390
757449
757510
757570
757632
757686
757739
757796
757853
757911
757969
758031
758093
758156
758215
758275
758334
758395
758454
758514
758575
758634
758694
758745
758803
758803
759961
759961