<<<<<<<<<<<.>>>>>>>>>>>>>>start<<<<<<<<<108381
109314
110134
110940
111784
112551
113260
101227
101999
102838
103729
104536
105305
106075
106801
107551
108381
109314
110134
110940
111784
112551
113260
114055
üÎÿÿÿøıÿùğöôôÿúğşıñóóûääóàóıóóàòûşáğûæáæåòööàûğğöğôñöâàñòğşâğæñàâäåûõóğóññóààõõñæäÿäâæäóâúúıñòñãæøööãüıòğóæòòòàğğğğşàòğñğÿñàğæıÿòõòòÿşíëèêìíéşìîìñíéëìéàâììñèûëûúúêéúíèûèèëäòèàóâöìòèúêğéêşêêéêèèèòàåïìûäæ¶óÛıÌüFşııûğ<<<<<<<<<<<.>>>>>>>>>>>>>>start<<<<<<<<<<<.>>>>>>>>>>>>>>
217
817
1646
2648
3770
4974
6249
7594
8988
10415
11882
13361
14874
16385
17909
19422
20928
22427
23914
25391
26814
28019
29226
30459
31705
32982
34270
35583
36906
38256
39627
41004
42401
43800
45182
46452
47575
48737
49931
51145
52402
53695
55018
56364
57751
59152
60562
62009
63472
64963
66471
67999
69507
70869
72201
73550
74928
76344
77778
79241
80711
82183
83663
85136
86635
88130
89646
91153
92680
94202
95738
97266
98799
100313
101809
103178
104480
105831
107220
108635
110091
111558
113052
114556
116068
117585
119101
120627
122146
123662
125168
126679
128173
129676
131159
132545
133733
134933
136130
137289
138230
139151
140106
141085
141982
142811
143693
144600
145515
146240
146994
147810
148707
149553
150339
151192
152137
153161
154171
155061
155942
156861
157816
158581
159410
160310
161267
162221
163043
163918
164821
165756
166555
167336
168143
168967
169661
170417
171243
172166
173154
174008
174851
175740
176630
177407
178220
179098
180040
180881
181709
182606
183538
184412
185195
186015
186836
187580
188366
189193
190081
190922
191724
192553
193436
194218
194991
195833
196749
197734
198568
199434
200363
201346
202298
203138
203998
204868
205611
206381
207213
208097
208974
209766
210603
211490
212352
213103
213897
214800
215781
216683
217540
218470
219450
220499
221505
222355
223246
223246
---------------last--------------------
<<<<<<<<<<<.>>>>>>>>>>>>>>start<<<<<<<<<<<.>>>>>>>>>>>>>>
193
503
951
1607
2367
3243
4193
5002
5822
6708
7650
8441
9273
10168
11108
11950
12796
13699
14626
15398
16178
17007
17847
18577
19385
20307
21318
22256
23125
24039
24962
25714
26527
27396
28238
29023
29844
30721
31484
32262
33107
34070
35069
35900
36814
37792
38833
39824
40708
41603
42494
43250
44056
44910
45807
46656
47496
48367
49284
50052
50833
51679
52626
53610
54437
55346
56323
57373
58471
59396
60317
61247
62103
62887
63740
64614
65519
66345
67205
68106
69018
69777
70556
71428
72375
73277
74108
75016
75994
77074
78202
79200
80123
81083
82085
82905
83767
84694
85660
86578
87409
88310
89239
90136
90945
91779
92632
93389
94161
95016
95965
96916
97779
98660
99603
100475
101268
102152
103129
104134
105023
105940
106930
107992
109059
109951
110874
111809
112659
113448
114301
115205
116134
116948
117823
118724
119648
120457
121233
122060
122998
124010
124887
125775
126732
127754
128824
129795
130687
131614
132525
133276
134074
134926
135812
136635
137463
138318
139129
139880
140674
141570
142545
143376
144246
145188
146199
147242
148138
149012
149920
150782
151517
152341
153222
154103
154884
155709
156594
157416
158187
159001
159923
160941
161852
162736
163698
164732
165816
166766
167667
168592
169487
170246
171064
171929
172807
173632
174493
174493
---------------last--------------------
<<<<<<<<<<<.>>>>>>>>>>>>>>start<<<<<<<<<<<.>>>>>>>>>>>>>>
137
487
1069
1758
2576
3509
4474
5328
6223
7183
8197
9154
9984
10845
11685
12459
13274
14126
15015
15813
16642
17516
18398
19130
19935
20843
21830
22721
23587
24527
25563
26635
27522
28429
29350
30158
30953
31804
32700
33511
34320
35172
36050
36810
37576
38456
39425
40333
41195
42141
43144
44173
45036
45913
46779
47538
48309
49129
50031
50906
51723
52574
53467
54253
55019
55893
56860
57770
58626
59562
60552
61610
62568
63430
64322
65183
65947
66776
67664
68558
69324
70164
71054
71924
72687
73444
74290
75174
75991
76821
77721
78733
79810
80791
81664
82583
83556
84418
85240
86140
87096
88080
88912
89803
90730
91675
92509
93308
94119
94975
95726
96513
97374
98334
99376
100424
101290
102185
103138
104022
104830
105701
106624
107603
108459
109308
110214
111161
112048
112847
113664
114493
115277
116036
116849
117734
118703
119708
120532
121391
122316
123264
124088
124907
125791
126755
127639
128482
129387
130340
131308
132135
132966
133789
134570
135313
136101
136944
137872
138714
139521
140369
141298
142140
142904
143748
144678
145637
146458
147334
148278
149277
150289
151128
151975
152853
153710
154435
155237
156095
157004
157871
158693
159543
160450
161273
162048
162866
163768
164766
165731
166572
167487
168478
169544
170630
171560
172465
173401
173401
---------------last--------------------
<<<<<<<<<<<.>>>>>>>>>>>>>>start<<<<<<<<<<<.>>>>>>>>>>>>>>
112
566
1177
1925
2753
3670
4588
5429
6299
7220
8159
8944
9755
10637
11607
12615
13510
14395
15357
16364
17423
18447
19310
20220
21146
21984
22767
23614
24507
25434
26235
27082
27974
28906
29793
30579
31376
32260
33228
34124
34962
35860
36815
37844
38914
39874
40761
41692
42657
43510
44317
45188
46112
47064
47930
48771
49668
50600
51494
52313
53155
54008
54839
55598
56417
57309
58287
59285
60129
60992
61923
62891
63720
64552
65464
66440
67469
68344
69250
70213
71231
72287
73190
74071
74970
75850
76629
77451
78312
79222
80064
80895
81781
82690
83575
84347
85154
86020
86917
87686
88518
89429
90429
91498
92553
93462
94365
95314
96319
97247
98052
98953
99897
100897
101902
102756
103650
104599
105578
106573
107457
108312
109169
109989
110752
111574
112439
113362
114237
115068
115943
116854
117773
118568
119339
120159
121050
121928
122729
123587
124497
125492
126569
127683
128725
129606
130519
131473
132411
133207
134032
134916
135840
136792
137612
138449
139342
140257
141194
142075
142839
143626
144451
145321
146093
146864
147680
148549
149475
150445
151394
152184
153011
153888
154819
155743
156526
157343
158233
159172
160165
161147
162013
162908
163858
164845
165866
166857
167680
168545
169424
170309
171121
171856
172669
173509
174391
175315
176214
176214
---------------last--------------------
<<<<<<<<<<<.>>>>>>>>>>>>>>start<<<<<<<<<<<.>>>>>>>>>>>>>>
143
606
1258
2034
2915
3861
4683
5464
6319
7230
8183
9182
10169
10986
11841
12735
13651
14588
15480
16245
17051
17873
18713
19493
20262
21098
21970
22881
23818
24677
25540
26452
27368
28308
29198
30012
30842
31672
32539
33323
34109
34948
35832
36784
37788
38761
39641
40540
41452
42383
43291
44075
44849
45672
46571
47530
48522
49449
50280
51177
52117
53124
54187
55296
56423
57411
58343
59297
60299
61198
62030
62935
63896
64912
65928
66839
67769
68765
69792
70852
71934
72913
73810
74753
75723
76684
77496
78370
79317
80308
81329
82293
83175
84140
85143
86170
87223
88168
89055
89962
90900
